1.721543124506587574e+01 6.488634853284760595e+01 0.000000000000000000e+00
1.867143531472204643e+02 2.082770891789079997e+02 3.549999999999999822e-01
1.915958475791747446e+02 2.124429238424814343e+02 7.099999999999999645e-01
1.966604003589938827e+02 2.177102959239074949e+02 1.064999999999999947e+00
2.022017459688067333e+02 2.241086080726643104e+02 1.419999999999999929e+00
2.089043626548624388e+02 2.322863040130230843e+02 1.774999999999999911e+00
2.126767459601407779e+02 2.404957108483427248e+02 2.129999999999999893e+00
2.242331114965740824e+02 2.503879251881635639e+02 2.484999999999999876e+00
2.331225348470964320e+02 2.609577108988215741e+02 2.839999999999999858e+00
2.433896808469149846e+02 2.744821791765454009e+02 3.194999999999999840e+00
2.561534953645777364e+02 2.897430808363395158e+02 3.549999999999999822e+00
2.723476507522251495e+02 3.094038691451371506e+02 3.904999999999999805e+00
2.921656819750137970e+02 3.341477835683922422e+02 4.259999999999999787e+00
3.160361328127888214e+02 3.645446757373703122e+02 4.615000000000000213e+00
3.501306570789095645e+02 4.063921946840804935e+02 4.969999999999999751e+00
3.956759410920296318e+02 4.668043452475654362e+02 5.325000000000000178e+00
4.364954231045148845e+02 5.675219738549352542e+02 5.679999999999999716e+00
6.814988940494384906e+02 7.749377939240715705e+02 6.035000000000000142e+00
4.331816345273866773e+02 2.141314821037425645e+03 6.389999999999999680e+00
