$SPEC_ID:
No sample description was entered.
$SPEC_REM:
DET# 1
DETDESC# ELIMED2-PC Easy-MCA-8k SN 19133189
AP# Maestro Version 7.01
$DATE_MEA:
12/16/2019 19:49:08
$MEAS_TIM:
1120 1120
$DATA:
0 8191
       0
       0
       0
       0
       0
       0
       0
       0
       0
       0
       0
       0
       0
       0
       0
       0
       0
       0
       0
       0
       0
       0
       0
       0
       3
       3
       3
       9
      33
      87
     302
     858
    1439
     896
     633
     560
     486
     477
     452
     365
     384
     345
     283
     296
     270
     211
     190
     206
     179
     156
     153
     115
      92
     110
      84
      90
     100
      59
      84
      81
      84
      88
      81
      65
      94
      77
      76
      75
      68
      80
      83
      81
      70
      79
      65
      70
      63
      75
      70
      58
      73
      71
      55
      69
      51
      65
      66
      74
      61
      64
      56
      61
      59
      58
      60
      64
      50
      63
      48
      61
      47
      68
      73
      66
      52
      62
      44
      63
      67
      54
      53
      67
      60
      62
      53
      57
      34
      44
      57
      44
      47
      53
      52
      46
      47
      58
      43
      57
      46
      50
      49
      36
      47
      57
      39
      45
      50
      47
      54
      60
      49
      49
      55
      50
      34
      53
      42
      44
      36
      53
      50
      46
      43
      48
      44
      35
      53
      58
      49
      45
      46
      38
      44
      54
      58
      46
      37
      43
      37
      39
      44
      55
      42
      49
      55
      28
      46
      44
      43
      43
      52
      40
      56
      40
      40
      38
      40
      36
      49
      44
      36
      46
      46
      61
      44
      41
      41
      52
      40
      48
      41
      39
      39
      47
      45
      41
      50
      40
      38
      61
      37
      45
      46
      48
      46
      40
      45
      49
      42
      32
      44
      34
      42
      44
      30
      52
      40
      42
      43
      34
      47
      38
      48
      48
      47
      41
      50
      50
      41
      52
      37
      53
      50
      35
      42
      34
      46
      47
      39
      41
      36
      37
      38
      52
      48
      42
      46
      36
      48
      46
      38
      37
      47
      49
      49
      38
      41
      45
      38
      35
      46
      44
      49
      36
      36
      44
      55
      38
      46
      44
      39
      49
      28
      38
      37
      52
      57
      52
      43
      36
      43
      48
      42
      32
      46
      35
      37
      31
      36
      42
      42
      49
      36
      59
      54
      43
      49
      40
      38
      46
      45
      45
      47
      48
      50
      41
      41
      50
      55
      40
      56
      42
      40
      54
      48
      56
      49
      35
      58
      49
      44
      47
      61
      45
      47
      48
      38
      47
      39
      38
      49
      54
      44
      39
      47
      36
      38
      45
      44
      39
      46
      49
      46
      46
      47
      40
      47
      52
      46
      51
      43
      64
      47
      35
      52
      55
      59
      60
      48
      45
      46
      50
      46
      37
      63
      52
      58
      53
      57
      51
      56
      57
      54
      49
      41
      55
      47
      60
      77
      58
      66
      62
      67
      57
      67
      74
      61
      66
      65
      53
      78
      79
      85
      66
      64
      73
      66
      81
      79
      80
      81
      75
      91
      95
      92
     110
     108
      96
     100
     120
     147
     111
     117
     157
     142
     134
     169
     177
     166
     169
     189
     180
     199
     189
     201
     211
     222
     185
     232
     265
     256
     279
     291
     298
     282
     305
     331
     320
     344
     330
     342
     347
     385
     378
     380
     427
     453
     456
     456
     482
     481
     495
     495
     520
     574
     481
     534
     564
     540
     550
     559
     613
     618
     602
     611
     627
     589
     635
     651
     649
     658
     654
     689
     617
     658
     662
     637
     699
     656
     647
     677
     666
     714
     663
     637
     651
     686
     672
     646
     614
     641
     700
     629
     671
     600
     649
     637
     621
     580
     595
     584
     543
     554
     573
     574
     554
     499
     551
     543
     478
     497
     530
     465
     519
     475
     497
     460
     469
     424
     434
     421
     450
     393
     404
     401
     395
     386
     376
     354
     340
     346
     361
     309
     323
     353
     313
     311
     319
     325
     311
     291
     288
     285
     296
     303
     265
     278
     235
     281
     257
     229
     271
     262
     227
     232
     210
     213
     229
     223
     215
     228
     236
     188
     204
     213
     180
     196
     189
     187
     212
     178
     211
     199
     169
     178
     182
     165
     169
     185
     176
     166
     174
     175
     168
     178
     148
     159
     170
     150
     144
     150
     165
     137
     135
     150
     147
     115
     140
     149
     164
     147
     142
     124
     135
     138
     131
     121
     110
     121
     128
     125
     129
     127
     130
     131
     119
     110
     115
     108
     122
     122
     101
     118
     102
     115
     108
     104
     113
      98
     113
     115
      94
     117
      96
     107
      73
     105
      93
     115
     121
     106
      84
      96
      90
     113
      87
      87
      73
      89
     109
      90
      84
      91
     101
      81
      93
      80
      93
     106
      96
      76
      88
      96
     100
      86
      82
      79
      86
      77
      82
      85
      66
      96
      83
      76
      78
      93
      88
      72
      92
      85
      72
      71
      69
      76
      70
      82
      68
      68
      69
      62
      65
      72
      84
      49
      75
      93
      66
      73
      74
      43
      68
      79
      50
      61
      60
      70
      58
      75
      54
      61
      71
      49
      60
      45
      59
      51
      61
      61
      58
      74
      52
      58
      69
      67
      71
      57
      65
      58
      46
      71
      54
      44
      61
      66
      51
      47
      61
      68
      48
      41
      47
      60
      47
      52
      48
      49
      54
      60
      47
      55
      56
      41
      41
      43
      44
      56
      34
      44
      46
      37
      40
      43
      61
      46
      47
      47
      45
      42
      36
      31
      37
      38
      49
      48
      46
      37
      44
      49
      47
      41
      45
      32
      41
      48
      35
      55
      40
      53
      31
      49
      46
      40
      42
      38
      47
      50
      30
      41
      35
      45
      42
      46
      40
      36
      42
      45
      39
      32
      44
      37
      37
      28
      31
      37
      31
      40
      44
      33
      30
      25
      28
      36
      35
      35
      32
      17
      25
      31
      24
      39
      29
      37
      37
      34
      22
      46
      34
      33
      32
      43
      28
      28
      22
      23
      35
      34
      34
      35
      25
      30
      21
      26
      28
      30
      28
      28
      27
      25
      28
      33
      18
      26
      35
      38
      32
      35
      19
      31
      25
      41
      16
      25
      20
      25
      21
      31
      25
      26
      24
      28
      20
      20
      32
      23
      22
      21
      29
      33
      21
      19
      29
      27
      22
      28
      28
      20
      26
      18
      20
      29
      19
      19
      21
      26
      31
      21
      23
      26
      35
      26
      23
      28
      28
      32
      19
      23
      28
      20
      18
      28
      22
      21
      17
      23
      24
      17
      22
      22
      22
      20
      22
      21
      25
      20
      18
      18
      19
      22
      16
      25
      17
      26
      25
      14
      18
      20
      19
      18
      11
      26
      16
      23
      24
      28
      23
      17
      24
      20
      21
      30
      20
      14
      22
      22
      23
      25
      19
      23
      22
      21
      17
      17
      14
      14
      24
      19
      22
      16
      26
      14
      23
      13
      18
      18
      24
      19
      17
      18
      14
      15
      19
      18
      26
      19
      17
      15
      17
      12
      18
      20
      23
      24
      11
      13
      18
      16
      20
      15
      13
      23
      19
      13
      21
      20
      15
      15
      19
      20
      16
      11
      14
      21
      16
      19
      15
      15
       9
      27
       5
      22
      15
      13
      16
      16
      13
      15
      14
       8
      13
       7
      13
      16
      14
       9
      11
      10
      23
      11
      15
      11
      11
      12
       8
      18
       8
      12
       6
      18
      16
       8
       9
       7
      12
       8
      14
      14
       9
      13
      15
      11
      14
      13
      12
      10
      16
       5
      10
      16
      18
      10
       8
      12
      12
       5
      14
      13
      13
       6
      14
      12
      10
      11
       9
      16
      14
       8
      16
      14
      16
       8
      12
      20
      12
      20
      13
      12
      13
      11
       8
      15
       6
      17
       8
       9
       6
      11
       8
      15
      11
      15
       9
      11
       7
      11
      11
       9
      12
      10
       7
      16
      10
      10
       8
       8
      10
       7
       3
      11
       9
      13
      14
       9
       9
       9
       5
      14
      10
      11
       2
      11
       6
       8
      15
      13
       7
      10
       8
       8
       7
       9
       7
       8
       7
       8
      10
      17
       9
      19
       7
       8
       4
       9
       4
       6
       8
       6
       8
       7
      12
       9
       9
       9
       9
       6
       6
      10
      13
       8
      12
       8
      14
      11
      10
      11
       8
       6
       3
      11
       8
       8
       7
      11
       4
       9
      16
       4
      11
       9
      11
       7
       9
       7
       7
       9
       5
      16
       9
       9
       5
       5
       8
      13
       6
       3
       3
      11
       9
      12
       2
       5
       1
       5
       2
       8
       3
       6
       9
      16
       6
       7
       6
       4
      11
       4
       6
      10
       5
       5
       5
       8
       8
       6
       5
      10
       2
      10
       7
       6
       9
       2
       3
       8
       5
       4
      10
      10
      11
       5
      14
       9
       6
       7
       8
       6
       9
       6
       5
       8
       4
       9
       1
       5
       8
       6
       4
       7
      10
       9
       5
       7
      12
       4
       8
       6
       6
       4
       8
       9
       5
       7
       1
       5
       5
       5
       5
       8
       8
       5
       5
       3
       6
       4
      10
       4
       6
       3
       7
       4
       4
       5
       5
       6
       5
       9
       4
       3
       4
       3
       6
       4
       5
      11
       4
      10
       8
      12
       4
       3
       7
       6
       6
       5
       6
       3
       8
       5
       5
       6
       4
       5
       6
       5
       7
       7
       9
       8
       9
       4
       4
       2
       6
       4
       7
       3
       9
       5
       6
       5
       3
       4
       3
       3
       8
       5
       9
      10
       5
       5
       8
       7
       8
       5
       8
       4
       7
       6
      10
       5
       2
       5
       9
       7
       5
       7
       6
       5
       5
       3
       4
       4
       5
       4
       3
       7
       4
       6
       5
       6
       7
       9
       4
       4
       6
       4
       7
       5
       6
       7
       7
       6
       3
       4
       5
       6
       5
       7
       4
       3
       8
       8
       9
       6
       5
       4
       6
       6
       5
       5
       7
       7
       7
       4
       6
       3
       6
       9
       3
       4
       6
       3
       3
       3
       4
       1
       3
       4
       6
       2
       7
       4
       5
       3
       3
       2
       6
       9
       5
       7
       2
      10
       3
       5
       5
       6
       6
       4
       1
       4
       2
       6
       3
       8
       5
       4
       4
       3
       4
       4
       2
       2
       4
       4
       4
       5
       3
       3
       3
       3
       6
       4
       4
       3
       4
       7
       0
       3
       1
       2
       4
       4
       4
       7
       5
       6
       5
       2
       2
       5
       3
       2
       5
       0
       3
       3
       5
       5
       5
       6
       2
       4
       5
       4
       5
       1
       3
       4
       6
       3
       6
       5
       1
       3
       1
       7
       3
       4
       4
       4
       1
       0
       2
       5
       5
       1
       4
       2
       4
       1
       7
       4
       8
       2
       2
       7
       2
       3
       1
       4
       3
       4
       2
       2
       2
       3
       2
       7
       4
       3
       2
       2
       3
       6
       3
       3
       6
       5
       4
       4
       4
       0
       3
       3
       2
       3
       4
       3
       1
       4
       3
       4
       1
       4
       4
       2
       1
       4
       3
       3
       2
       3
       1
       3
       2
       2
       4
       3
       3
       4
       2
       4
       1
       7
       5
       4
       7
       2
       4
       1
       3
       5
       2
       2
       2
       3
       4
       0
       7
       4
       3
       2
       1
       3
       3
       3
       5
       4
       2
       2
       3
       2
       1
       3
       3
       2
       1
       5
       1
       1
       7
       3
       0
       2
       3
       1
       0
       1
       2
       3
       4
       1
       5
       3
       2
       4
       3
       6
       1
       4
       3
       2
       3
       1
       1
       1
       2
       2
       3
       1
       3
       1
       3
       4
       2
       2
       5
       4
       3
       0
       3
       1
       4
       3
       6
       4
       2
       2
       3
       4
       3
       1
       1
       2
       0
       2
       5
       3
       1
       2
       4
       2
       0
       7
       1
       1
       5
       3
       1
       0
       1
       4
       2
       4
       0
       3
       2
       5
       1
       1
       2
       1
       3
       2
       6
       3
       4
       3
       2
       5
       0
       0
       2
       3
       1
       0
       1
       4
       3
       3
       1
       2
       5
       2
       4
       2
       2
       1
       2
       4
       5
       3
       1
       2
       0
       2
       2
       5
       3
       1
       1
       1
       5
       1
       0
       1
       3
       3
       0
       4
       1
       5
       1
       3
       0
       5
       1
       4
       0
       3
       2
       1
       1
       1
       3
       5
       3
       1
       1
       4
       1
       2
       1
       3
       2
       0
       0
       0
       1
       0
       1
       2
       3
       2
       0
       1
       0
       0
       1
       2
       5
       3
       1
       0
       2
       1
       6
       1
       1
       3
       0
       0
       3
       2
       1
       2
       2
       4
       3
       0
       0
       2
       1
       1
       1
       1
       1
       1
       2
       5
       4
       2
       3
       2
       1
       1
       4
       3
       3
       1
       0
       1
       2
       4
       3
       4
       0
       1
       0
       1
       1
       1
       2
       4
       0
       0
       3
       0
       2
       1
       1
       7
       0
       1
       3
       1
       1
       1
       2
       3
       1
       2
       2
       4
       3
       2
       1
       2
       2
       0
       0
       1
       1
       0
       5
       3
       1
       1
       0
       2
       3
       2
       3
       0
       0
       0
       0
       1
       3
       2
       3
       3
       3
       3
       0
       4
       0
       1
       1
       1
       1
       0
       2
       1
       1
       1
       2
       1
       1
       4
       1
       2
       1
       1
       3
       3
       4
       1
       1
       2
       2
       0
       0
       1
       1
       1
       4
       3
       2
       0
       1
       2
       0
       3
       2
       3
       0
       4
       0
       3
       1
       3
       3
       1
       1
       4
       2
       2
       0
       1
       0
       0
       3
       0
       2
       0
       0
       2
       2
       1
       0
       1
       1
       0
       0
       1
       2
       0
       3
       1
       2
       1
       0
       2
       2
       0
       0
       0
       1
       1
       0
       1
       1
       1
       1
       1
       2
       2
       1
       2
       2
       1
       1
       1
       2
       1
       0
       1
       0
       2
       0
       3
       3
       3
       2
       1
       0
       1
       0
       0
       2
       0
       3
       0
       2
       0
       1
       1
       3
       2
       4
       0
       0
       0
       1
       2
       2
       0
       1
       2
       2
       2
       2
       1
       0
       0
       3
       1
       1
       2
       2
       2
       1
       2
       0
       2
       1
       2
       1
       1
       0
       1
       2
       1
       3
       0
       1
       0
       0
       3
       1
       2
       0
       0
       0
       1
       3
       3
       4
       1
       1
       1
       1
       0
       1
       1
       0
       1
       0
       3
       0
       1
       2
       1
       0
       2
       2
       2
       2
       1
       2
       2
       0
       2
       0
       0
       1
       0
       6
       0
       2
       0
       1
       1
       0
       0
       0
       1
       0
       1
       0
       1
       1
       3
       0
       0
       0
       2
       1
       0
       0
       3
       0
       0
       0
       0
       2
       0
       0
       1
       0
       2
       0
       0
       1
       0
       3
       1
       0
       0
       0
       4
       2
       2
       1
       1
       2
       1
       0
       1
       2
       0
       1
       1
       0
       0
       2
       1
       2
       0
       1
       4
       0
       2
       0
       1
       3
       0
       1
       3
       0
       3
       0
       2
       1
       2
       0
       2
       0
       1
       1
       3
       0
       3
       3
       0
       1
       2
       0
       1
       1
       1
       3
       0
       1
       0
       1
       3
       1
       3
       0
       3
       0
       0
       2
       0
       0
       0
       1
       1
       0
       3
       1
       0
       1
       2
       1
       0
       1
       0
       1
       1
       1
       0
       0
       5
       2
       2
       2
       1
       0
       3
       0
       1
       1
       0
       0
       2
       0
       3
       1
       0
       1
       0
       1
       0
       1
       0
       0
       0
       1
       1
       1
       2
       1
       0
       1
       1
       0
       3
       1
       1
       0
       0
       1
       1
       0
       2
       1
       2
       0
       2
       1
       1
       0
       1
       0
       0
       1
       0
       1
       0
       2
       1
       1
       4
       2
       2
       0
       0
       0
       4
       1
       1
       2
       0
       0
       0
       2
       0
       0
       2
       1
       0
       3
       1
       0
       1
       0
       0
       0
       1
       0
       0
       2
       0
       1
       2
       2
       1
       0
       1
       1
       4
       1
       1
       3
       0
       2
       0
       0
       1
       0
       1
       0
       0
       0
       0
       0
       1
       0
       0
       1
       0
       2
       1
       1
       0
       0
       1
       2
       1
       1
       1
       1
       0
       0
       0
       0
       1
       1
       1
       1
       1
       0
       0
       1
       1
       0
       0
       3
       2
       1
       0
       0
       1
       0
       1
       0
       2
       2
       1
       0
       0
       0
       1
       1
       1
       1
       1
       0
       0
       0
       0
       1
       0
       0
       1
       2
       0
       1
       1
       1
       1
       0
       2
       0
       1
       0
       0
       1
       1
       1
       1
       0
       3
       1
       0
       1
       1
       1
       1
       1
       0
       0
       1
       0
       0
       1
       0
       0
       2
       0
       2
       0
       3
       0
       0
       0
       1
       0
       0
       0
       2
       1
       1
       1
       0
       0
       0
       0
       0
       0
       3
       4
       2
       0
       1
       1
       1
       3
       1
       2
       0
       0
       0
       0
       1
       0
       1
       0
       0
       2
       0
       1
       1
       0
       2
       1
       0
       0
       1
       0
       0
       1
       0
       1
       1
       0
       2
       0
       1
       2
       0
       1
       0
       0
       0
       0
       1
       0
       4
       1
       0
       0
       1
       1
       0
       0
       2
       0
       0
       0
       0
       0
       2
       0
       0
       3
       2
       0
       1
       1
       1
       1
       1
       0
       1
       1
       1
       0
       0
       0
       0
       0
       1
       0
       1
       1
       1
       0
       0
       1
       1
       0
       1
       0
       0
       1
       0
       1
       1
       0
       0
       0
       0
       0
       1
       0
       0
       0
       1
       0
       1
       3
       1
       2
       0
       1
       2
       0
       0
       0
       0
       0
       0
       0
       2
       0
       1
       1
       2
       0
       1
       1
       4
       0
       3
       0
       1
       1
       0
       1
       0
       1
       0
       1
       0
       0
       1
       1
       1
       0
       1
       0
       2
       1
       0
       0
       0
       0
       2
       0
       0
       1
       0
       2
       0
       0
       0
       0
       1
       1
       1
       1
       2
       0
       0
       0
       2
       0
       0
       1
       0
       1
       2
       0
       1
       1
       2
       1
       0
       0
       1
       0
       0
       0
       0
       1
       1
       1
       0
       0
       1
       1
       1
       0
       1
       1
       0
       0
       0
       0
       0
       1
       0
       2
       2
       1
       0
       0
       0
       0
       1
       1
       1
       0
       0
       0
       0
       1
       0
       0
       1
       2
       1
       1
       0
       1
       0
       0
       0
       1
       1
       0
       0
       0
       0
       0
       0
       0
       0
       1
       0
       0
       0
       1
       0
       0
       1
       1
       0
       0
       0
       0
       0
       0
       0
       0
       0
       2
       0
       2
       0
       1
       1
       1
       1
       1
       0
       1
       0
       1
       0
       0
       0
       0
       1
       0
       1
       1
       1
       0
       1
       2
       1
       2
       1
       1
       0
       0
       1
       0
       0
       1
       0
       1
       1
       2
       0
       0
       0
       0
       1
       0
       0
       0
       2
       2
       1
       1
       0
       0
       0
       0
       0
       0
       1
       0
       1
       0
       1
       0
       0
       0
       0
       1
       1
       0
       0
       0
       0
       1
       1
       0
       1
       1
       2
       1
       2
       0
       0
       1
       1
       1
       1
       2
       0
       1
       1
       1
       1
       1
       0
       1
       0
       0
       2
       0
       1
       0
       1
       1
       0
       0
       0
       1
       1
       0
       0
       0
       2
       0
       0
       0
       0
       0
       0
       0
       0
       1
       0
       0
       0
       0
       0
       0
       0
       0
       0
       1
       0
       1
       1
       0
       0
       0
       0
       0
       0
       1
       1
       0
       0
       0
       2
       0
       1
       1
       3
       1
       0
       0
       0
       0
       0
       0
       1
       0
       0
       0
       0
       1
       1
       0
       0
       1
       0
       0
       0
       1
       0
       1
       0
       0
       0
       0
       2
       0
       0
       1
       0
       0
       0
       0
       0
       1
       0
       0
       0
       0
       1
       1
       0
       0
       0
       4
       0
       1
       0
       0
       0
       2
       2
       1
       0
       1
       0
       1
       0
       1
       0
       1
       0
       1
       2
       0
       1
       0
       1
       0
       1
       0
       2
       1
       2
       0
       0
       1
       0
       0
       0
       1
       0
       3
       0
       0
       0
       0
       1
       0
       1
       1
       1
       0
       0
       1
       0
       0
       1
       0
       0
       1
       0
       0
       0
       0
       0
       0
       0
       0
       0
       1
       0
       0
       1
       0
       0
       0
       0
       0
       0
       1
       0
       0
       2
       0
       0
       0
       1
       1
       0
       1
       0
       0
       0
       0
       0
       0
       1
       1
       0
       1
       0
       0
       1
       1
       0
       0
       0
       0
       0
       0
       1
       0
       1
       0
       0
       1
       1
       1
       1
       0
       0
       1
       0
       1
       0
       0
       1
       0
       0
       0
       0
       0
       1
       0
       0
       0
       1
       0
       1
       0
       0
       1
       0
       0
       0
       0
       0
       1
       0
       1
       0
       0
       1
       1
       0
       1
       1
       0
       0
       2
       0
       0
       0
       0
       1
       0
       0
       0
       0
       0
       1
       0
       1
       1
       0
       0
       0
       0
       0
       2
       2
       0
       0
       0
       0
       0
       1
       0
       0
       0
       0
       0
       0
       0
       0
       0
       0
       0
       1
       0
       1
       0
       0
       0
       0
       0
       0
       0
       1
       0
       0
       0
       1
       0
       0
       0
       0
       0
       1
       1
       1
       0
       0
       0
       0
       0
       0
       1
       1
       0
       0
       0
       1
       0
       0
       0
       0
       1
       1
       0
       0
       0
       0
       0
       1
       1
       0
       0
       0
       0
       0
       0
       0
       0
       0
       0
       0
       0
       1
       2
       0
       0
       0
       0
       1
       1
       0
       2
       0
       0
       1
       0
       0
       0
       0
       0
       0
       0
       0
       0
       1
       0
       0
       1
       0
       1
       0
       1
       1
       0
       0
       0
       1
       1
       1
       0
       1
       0
       2
       0
       0
       0
       0
       0
       1
       0
       0
       0
       0
       0
       1
       1
       1
       0
       0
       0
       0
       0
       0
       1
       0
       0
       0
       0
       0
       0
       2
       1
       0
       1
       0
       0
       1
       1
       0
       0
       0
       0
       0
       0
       0
       0
       1
       1
       0
       0
       0
       0
       0
       0
       0
       0
       0
       0
       0
       0
       1
       0
       1
       0
       0
       1
       0
       0
       0
       0
       0
       0
       0
       0
       0
       0
       1
       1
       0
       0
       1
       1
       0
       0
       0
       0
       0
       0
       0
       0
       2
       0
       0
       0
       0
       0
       0
       1
       0
       0
       0
       0
       0
       0
       1
       0
       0
       1
       0
       0
       0
       0
       0
       0
       2
       1
       0
       0
       0
       1
       0
       2
       0
       0
       0
       0
       0
       0
       0
       0
       0
       0
       0
       0
       0
       0
       0
       0
       1
       1
       0
       0
       0
       0
       0
       0
       0
       0
       0
       0
       1
       0
       2
       0
       0
       0
       0
       0
       0
       0
       0
       0
       0
       0
       1
       1
       1
       0
       0
       2
       0
       1
       0
       1
       0
       0
       0
       0
       1
       0
       0
       0
       0
       0
       0
       0
       0
       0
       1
       1
       0
       0
       0
       0
       0
       0
       0
       0
       1
       0
       0
       1
       0
       1
       0
       1
       0
       0
       0
       0
       1
       0
       0
       0
       0
       2
       0
       0
       1
       0
       0
       0
       0
       0
       0
       0
       0
       0
       0
       0
       1
       0
       1
       0
       0
       0
       0
       2
       0
       0
       0
       0
       1
       1
       0
       0
       1
       0
       1
       0
       0
       1
       0
       0
       1
       0
       0
       1
       0
       0
       1
       1
       0
       2
       0
       0
       0
       0
       0
       0
       1
       0
       0
       1
       1
       0
       0
       1
       0
       0
       0
       0
       0
       0
       0
       2
       0
       1
       0
       1
       1
       0
       0
       0
       1
       0
       0
       0
       1
       0
       0
       0
       0
       0
       0
       0
       1
       0
       1
       1
       0
       0
       0
       0
       0
       0
       0
       0
       1
       1
       0
       0
       0
       1
       1
       0
       0
       0
       0
       0
       2
       0
       0
       1
       0
       0
       0
       0
       0
       1
       0
       0
       0
       0
       0
       0
       1
       0
       1
       0
       1
       0
       0
       0
       0
       0
       1
       1
       0
       1
       0
       0
       1
       0
       0
       0
       0
       0
       0
       0
       0
       0
       0
       0
       0
       0
       0
       2
       0
       0
       0
       0
       0
       1
       0
       1
       0
       0
       1
       0
       0
       0
       0
       0
       0
       0
       0
       0
       0
       1
       0
       0
       1
       0
       0
       0
       1
       1
       0
       0
       0
       0
       0
       1
       0
       0
       0
       0
       0
       0
       1
       0
       0
       0
       0
       0
       0
       3
       1
       0
       0
       0
       0
       0
       0
       1
       0
       0
       0
       2
       1
       0
       0
       0
       0
       0
       0
       0
       0
       0
       0
       1
       0
       0
       0
       0
       0
       0
       1
       0
       1
       1
       0
       0
       0
       1
       0
       0
       0
       0
       0
       0
       0
       0
       0
       0
       0
       0
       1
       0
       1
       0
       1
       0
       0
       0
       0
       0
       1
       0
       0
       3
       0
       0
       1
       0
       2
       1
       0
       0
       0
       1
       0
       0
       0
       0
       1
       0
       1
       0
       0
       0
       0
       0
       0
       0
       0
       0
       0
       0
       0
       0
       0
       0
       0
       0
       0
       0
       1
       0
       0
       1
       0
       0
       2
       0
       0
       0
       1
       1
       0
       0
       1
       0
       1
       0
       0
       0
       0
       0
       0
       1
       0
       0
       0
       0
       0
       1
       0
       0
       1
       0
       0
       0
       0
       0
       2
       1
       0
       0
       0
       0
       0
       2
       0
       0
       0
       0
       0
       0
       2
       1
       0
       0
       0
       0
       0
       0
       0
       0
       0
       0
       0
       0
       0
       0
       0
       0
       0
       0
       0
       0
       0
       1
       0
       0
       1
       0
       0
       0
       0
       0
       0
       0
       0
       1
       0
       1
       0
       0
       0
       0
       0
       0
       0
       0
       0
       0
       0
       0
       0
       0
       0
       0
       0
       0
       1
       0
       0
       1
       0
       0
       0
       0
       0
       0
       0
       0
       0
       0
       1
       0
       0
       1
       1
       1
       0
       0
       0
       0
       0
       0
       0
       0
       0
       0
       1
       0
       0
       0
       0
       0
       0
       0
       0
       1
       0
       1
       0
       0
       0
       0
       0
       0
       1
       0
       0
       1
       0
       1
       0
       0
       1
       0
       0
       1
       0
       1
       1
       0
       0
       0
       0
       0
       0
       1
       0
       1
       1
       0
       1
       0
       0
       0
       0
       0
       0
       0
       0
       1
       0
       0
       2
       0
       0
       0
       0
       1
       0
       0
       0
       0
       0
       1
       1
       1
       0
       0
       0
       0
       0
       1
       0
       0
       0
       0
       0
       0
       0
       1
       0
       0
       0
       1
       0
       0
       0
       1
       1
       1
       0
       0
       0
       0
       0
       2
       0
       2
       0
       0
       0
       0
       0
       0
       0
       1
       1
       0
       0
       0
       1
       0
       1
       1
       0
       0
       0
       0
       0
       1
       0
       0
       0
       0
       0
       0
       0
       0
       0
       0
       1
       0
       0
       0
       0
       1
       0
       0
       0
       0
       0
       0
       0
       0
       2
       0
       1
       0
       0
       0
       0
       0
       1
       1
       1
       0
       0
       0
       0
       1
       0
       0
       1
       1
       0
       0
       0
       0
       0
       0
       0
       0
       0
       1
       0
       0
       0
       1
       0
       0
       0
       0
       0
       0
       0
       1
       0
       0
       1
       0
       0
       1
       0
       1
       0
       0
       1
       0
       0
       1
       0
       0
       1
       1
       0
       0
       0
       0
       0
       1
       0
       1
       0
       0
       1
       0
       0
       0
       0
       0
       0
       0
       0
       0
       0
       1
       2
       0
       0
       0
       0
       0
       0
       0
       1
       1
       0
       0
       2
       0
       0
       0
       0
       0
       0
       1
       0
       1
       0
       0
       0
       0
       1
       0
       1
       0
       0
       0
       1
       0
       0
       1
       0
       0
       0
       0
       0
       0
       0
       0
       0
       0
       1
       1
       1
       0
       0
       0
       0
       0
       0
       0
       0
       0
       0
       1
       0
       0
       0
       0
       0
       0
       0
       1
       0
       0
       0
       1
       0
       1
       1
       0
       1
       0
       1
       0
       0
       0
       0
       0
       0
       0
       0
       0
       0
       0
       0
       0
       0
       0
       0
       1
       0
       0
       0
       0
       0
       0
       0
       0
       0
       0
       0
       0
       0
       0
       0
       0
       0
       0
       0
       0
       1
       0
       0
       0
       0
       0
       0
       0
       0
       0
       0
       1
       0
       1
       0
       0
       0
       0
       0
       0
       1
       1
       0
       0
       1
       0
       0
       0
       0
       1
       0
       0
       0
       1
       0
       1
       0
       0
       0
       1
       0
       0
       0
       0
       0
       0
       0
       0
       0
       0
       0
       0
       1
       0
       0
       0
       0
       0
       0
       1
       0
       0
       0
       0
       0
       0
       0
       0
       0
       0
       1
       0
       0
       0
       0
       0
       0
       0
       0
       0
       0
       0
       0
       0
       0
       0
       0
       0
       1
       1
       0
       0
       0
       0
       0
       0
       0
       0
       0
       0
       0
       0
       0
       0
       1
       0
       0
       1
       0
       0
       0
       0
       2
       0
       1
       1
       0
       1
       0
       0
       0
       0
       0
       1
       0
       0
       0
       0
       0
       1
       0
       0
       0
       0
       1
       0
       0
       0
       0
       1
       0
       0
       0
       0
       0
       0
       0
       1
       0
       1
       0
       0
       1
       0
       0
       0
       1
       0
       0
       0
       0
       0
       0
       0
       0
       0
       0
       1
       0
       0
       0
       0
       0
       0
       1
       0
       0
       1
       0
       0
       1
       0
       0
       0
       1
       0
       0
       0
       0
       0
       0
       0
       0
       0
       1
       0
       1
       1
       0
       0
       1
       0
       0
       0
       0
       0
       0
       0
       1
       0
       0
       0
       0
       0
       0
       0
       0
       0
       0
       1
       0
       0
       0
       1
       0
       0
       0
       0
       0
       0
       0
       0
       0
       0
       0
       1
       0
       1
       0
       0
       1
       0
       0
       0
       0
       0
       2
       0
       0
       0
       0
       0
       0
       0
       0
       0
       0
       1
       0
       0
       0
       1
       0
       0
       0
       0
       0
       0
       0
       0
       0
       1
       0
       0
       0
       0
       0
       0
       0
       0
       0
       0
       0
       0
       0
       0
       0
       0
       0
       0
       0
       0
       0
       0
       1
       0
       0
       0
       0
       0
       0
       0
       0
       0
       0
       0
       0
       0
       1
       0
       0
       0
       1
       0
       0
       0
       0
       0
       1
       0
       0
       0
       0
       0
       0
       0
       0
       0
       0
       0
       0
       1
       0
       0
       0
       0
       1
       0
       1
       0
       1
       1
       0
       0
       1
       0
       0
       0
       0
       0
       0
       1
       0
       0
       0
       0
       0
       2
       0
       0
       0
       0
       1
       0
       0
       0
       2
       1
       0
       1
       0
       0
       0
       1
       1
       0
       0
       0
       1
       0
       0
       0
       0
       0
       0
       0
       0
       0
       0
       0
       0
       1
       0
       0
       0
       1
       0
       1
       0
       0
       0
       1
       0
       0
       0
       0
       0
       0
       0
       0
       0
       0
       0
       0
       0
       0
       2
       0
       0
       0
       0
       0
       0
       0
       0
       0
       0
       0
       0
       0
       1
       1
       0
       0
       0
       0
       0
       0
       0
       0
       0
       1
       0
       0
       0
       0
       0
       0
       0
       0
       0
       0
       0
       0
       0
       0
       0
       0
       0
       0
       0
       0
       1
       0
       0
       1
       1
       0
       0
       0
       0
       0
       0
       0
       0
       1
       0
       1
       0
       0
       0
       1
       0
       0
       0
       0
       0
       1
       0
       0
       0
       1
       0
       0
       0
       0
       0
       1
       0
       0
       0
       0
       0
       0
       0
       0
       0
       0
       0
       0
       0
       0
       0
       0
       0
       0
       0
       0
       0
       0
       1
       0
       0
       0
       0
       1
       0
       0
       0
       0
       0
       0
       0
       0
       0
       0
       0
       0
       0
       1
       0
       0
       0
       0
       0
       0
       1
       0
       1
       0
       0
       0
       0
       0
       0
       0
       0
       0
       0
       0
       1
       0
       0
       0
       0
       0
       0
       0
       0
       0
       0
       0
       1
       0
       0
       0
       0
       0
       0
       0
       1
       0
       0
       1
       0
       0
       0
       0
       1
       1
       0
       0
       0
       0
       0
       0
       0
       0
       0
       0
       0
       0
       0
       0
       0
       0
       0
       1
       0
       0
       0
       1
       0
       0
       0
       0
       0
       0
       1
       1
       0
       0
       0
       0
       0
       0
       0
       0
       0
       0
       0
       0
       0
       0
       0
       0
       0
       0
       0
       0
       0
       1
       0
       0
       1
       0
       0
       0
       0
       0
       0
       0
       0
       0
       0
       0
       0
       0
       0
       1
       0
       0
       0
       0
       0
       0
       0
       1
       0
       0
       0
       0
       0
       1
       0
       0
       0
       0
       0
       0
       0
       0
       0
       1
       0
       0
       0
       0
       0
       0
       0
       0
       0
       0
       0
       0
       0
       0
       0
       0
       0
       0
       0
       0
       0
       0
       0
       0
       0
       0
       0
       0
       0
       0
       0
       0
       0
       0
       0
       0
       0
       0
       2
       0
       0
       0
       0
       0
       0
       0
       0
       0
       0
       0
       0
       0
       0
       0
       0
       0
       0
       0
       0
       0
       0
       1
       0
       0
       0
       0
       0
       1
       0
       0
       0
       0
       0
       0
       0
       0
       0
       0
       0
       0
       0
       0
       1
       0
       0
       0
       0
       0
       0
       0
       0
       0
       0
       0
       0
       0
       0
       0
       0
       0
       1
       0
       0
       0
       0
       0
       0
       1
       0
       0
       1
       1
       0
       0
       0
       0
       1
       0
       0
       0
       1
       0
       0
       0
       1
       0
       0
       0
       0
       0
       0
       0
       0
       0
       0
       0
       0
       0
       0
       0
       0
       0
       1
       0
       0
       1
       0
       0
       0
       0
       0
       0
       0
       0
       0
       0
       0
       1
       0
       0
       0
       0
       0
       0
       0
       0
       0
       0
       1
       1
       0
       0
       1
       1
       0
       0
       0
       0
       0
       0
       0
       0
       0
       0
       0
       0
       0
       0
       1
       0
       0
       0
       0
       1
       0
       0
       0
       0
       0
       0
       0
       0
       0
       0
       0
       0
       0
       0
       0
       0
       0
       0
       1
       0
       0
       0
       1
       0
       1
       0
       0
       0
       0
       0
       0
       1
       1
       0
       0
       0
       0
       0
       0
       0
       0
       1
       0
       0
       0
       0
       0
       0
       0
       0
       2
       0
       0
       0
       0
       0
       0
       0
       0
       0
       0
       0
       0
       1
       0
       0
       0
       0
       0
       0
       0
       0
       0
       1
       0
       0
       2
       0
       0
       0
       0
       0
       0
       0
       0
       0
       0
       1
       0
       0
       1
       1
       0
       0
       0
       1
       0
       0
       0
       1
       0
       0
       0
       0
       0
       0
       0
       0
       0
       0
       0
       0
       0
       0
       0
       0
       0
       0
       0
       0
       0
       0
       0
       0
       0
       0
       1
       0
       0
       1
       0
       0
       1
       0
       0
       0
       0
       1
       0
       0
       0
       0
       0
       0
       1
       0
       0
       0
       0
       0
       0
       0
       1
       0
       0
       0
       0
       0
       0
       0
       0
       0
       0
       0
       0
       0
       0
       0
       0
       0
       0
       0
       0
       1
       0
       0
       0
       0
       1
       0
       0
       0
       0
       1
       0
       0
       0
       0
       0
       0
       0
       0
       1
       0
       0
       0
       1
       0
       0
       0
       0
       0
       0
       0
       0
       1
       0
       0
       0
       0
       0
       0
       0
       0
       0
       1
       0
       1
       0
       0
       0
       0
       0
       0
       1
       1
       0
       0
       0
       0
       0
       0
       1
       1
       0
       0
       0
       0
       1
       1
       0
       0
       0
       0
       0
       0
       0
       0
       0
       0
       0
       0
       0
       0
       0
       1
       0
       1
       0
       0
       1
       0
       0
       0
       0
       0
       0
       0
       0
       0
       0
       1
       1
       0
       0
       0
       0
       0
       0
       0
       0
       0
       0
       0
       1
       1
       0
       1
       0
       0
       0
       0
       0
       0
       0
       0
       0
       0
       0
       0
       0
       0
       0
       0
       0
       0
       0
       2
       0
       0
       0
       1
       0
       0
       0
       0
       0
       0
       0
       0
       0
       0
       0
       1
       0
       0
       0
       0
       0
       0
       0
       0
       0
       0
       0
       0
       0
       0
       0
       0
       0
       0
       0
       0
       0
       1
       0
       0
       0
       0
       0
       0
       0
       0
       1
       0
       0
       0
       0
       0
       0
       0
       0
       0
       0
       0
       0
       0
       0
       0
       0
       0
       0
       0
       0
       1
       1
       0
       0
       0
       0
       1
       0
       0
       0
       0
       0
       0
       0
       0
       0
       0
       0
       0
       0
       0
       0
       1
       0
       1
       0
       0
       1
       0
       0
       0
       0
       1
       0
       0
       1
       0
       0
       0
       0
       0
       0
       0
       1
       0
       0
       0
       0
       0
       0
       0
       0
       0
       1
       0
       0
       0
       1
       0
       0
       0
       0
       0
       0
       0
       0
       0
       1
       0
       0
       1
       0
       1
       0
       0
       0
       0
       0
       0
       0
       0
       0
       0
       0
       0
       0
       0
       0
       0
       0
       0
       0
       0
       0
       0
       0
       0
       0
       0
       0
       0
       0
       0
       0
       0
       1
       0
       0
       0
       0
       0
       1
       0
       0
       0
       0
       0
       0
       0
       1
       0
       0
       0
       1
       0
       0
       0
       0
       0
       0
       0
       0
       0
       0
       0
       0
       0
       0
       0
       0
       0
       0
       0
       0
       0
       0
       0
       1
       0
       1
       0
       0
       0
       0
       0
       0
       0
       0
       0
       0
       0
       0
       0
       1
       0
       0
       0
       0
       0
       0
       1
       0
       0
       0
       0
       0
       0
       0
       0
       0
       0
       0
       0
       0
       1
       0
       0
       0
       0
       0
       0
       0
       0
       0
       0
       0
       1
       0
       0
       0
       0
       0
       1
       0
       0
       0
       1
       0
       0
       0
       1
       0
       0
       0
       0
       0
       0
       1
       0
       0
       0
       0
       0
       0
       0
       0
       0
       0
       1
       0
       0
       0
       0
       1
       1
       0
       0
       0
       1
       0
       0
       0
       0
       0
       0
       0
       0
       0
       0
       0
       0
       0
       0
       1
       0
       0
       0
       0
       0
       0
       0
       0
       0
       0
       1
       1
       1
       0
       0
       0
       1
       0
       0
       0
       0
       0
       0
       0
       0
       0
       0
       0
       0
       1
       1
       0
       1
       0
       0
       0
       0
       0
       0
       1
       0
       0
       0
       0
       0
       0
       0
       1
       0
       0
       0
       0
       0
       0
       0
       0
       0
       0
       0
       0
       0
       0
       0
       1
       1
       0
       0
       0
       0
       2
       0
       0
       0
       0
       0
       0
       0
       0
       0
       0
       0
       0
       0
       1
       0
       0
       0
       1
       0
       0
       0
       0
       0
       0
       0
       0
       0
       0
       0
       0
       0
       0
       1
       0
       0
       0
       0
       0
       0
       0
       0
       0
       0
       0
       0
       0
       0
       0
       1
       0
       0
       0
       0
       0
       0
       0
       0
       0
       0
       1
       0
       0
       0
       0
       0
       0
       0
       0
       0
       0
       0
       0
       0
       0
       0
       0
       0
       0
       1
       0
       0
       0
       0
       0
       0
       0
       1
       0
       0
       0
       1
       0
       0
       0
       0
       0
       0
       0
       0
       0
       0
       0
       0
       0
       0
       0
       0
       0
       0
       0
       0
       0
       0
       0
       0
       0
       0
       0
       1
       0
       0
       0
       0
       0
       0
       0
       0
       0
       0
       0
       0
       0
       0
       0
       0
       0
       0
       0
       0
       0
       0
       0
       0
       0
       0
       0
       0
       0
       0
       0
       0
       0
       0
       0
       0
       0
       0
       0
       0
       0
       0
       0
       0
       0
       0
       0
       0
       0
       0
       0
       0
       0
       0
       0
       0
       0
       0
       0
       0
       0
       0
       0
       0
       0
       0
       0
       0
       0
       0
       0
       0
       0
       0
       0
       0
       0
       0
       0
       0
       1
       0
       0
       0
       0
       0
       0
       0
       0
       0
       0
       0
       0
       0
       0
       0
       0
       0
       0
       0
       0
       0
       0
       0
       0
       0
       0
       0
       0
       0
       0
       0
       0
       0
       0
       0
       0
       0
       0
       0
       0
       0
       0
       0
       0
       0
       1
       0
       0
       0
       0
       0
       0
       0
       0
       0
       0
       0
       0
       0
       0
       0
       0
       0
       0
       0
       0
       0
       0
       0
       0
       0
       0
       0
       0
       0
       0
       0
       0
       0
       0
       0
       0
       0
       0
       0
       0
       0
       0
       0
       0
       0
       0
       0
       0
       0
       0
       0
       0
       0
       0
       0
       0
       0
       0
       0
       0
       0
       0
       0
       0
       0
       0
       0
       0
       0
       0
       0
       0
       0
       0
       0
       0
       0
       0
       0
       0
       0
       0
       0
       0
       0
       0
       0
       0
       0
       0
       0
       0
       0
       0
       0
       0
       0
       0
       0
       0
       0
       0
       0
       0
       0
       0
       0
       0
       0
       0
       0
       0
       0
       0
       0
       0
       0
       0
       0
       0
       0
       0
       0
       0
       0
       0
       0
       0
       0
       0
       0
       0
       0
       0
       0
       0
       0
       0
       0
       0
       0
       0
       0
       0
       0
       0
       0
       0
       0
       0
       0
       0
       0
       0
       0
       0
       0
       0
       0
       0
       0
       0
       0
       0
       0
       0
       0
       0
       0
       0
       0
       0
       0
       0
       0
       0
       0
       0
       0
       0
       0
       0
       0
       0
       0
       0
       0
       0
       0
       0
       0
       0
       0
       0
       0
       0
       0
       0
       0
       0
       0
       0
       0
       0
       0
       0
       0
       0
       0
       0
       0
       0
       0
       0
       0
       0
       0
       0
       0
       0
       0
       0
       0
       0
       0
       0
       0
       0
       0
       0
       0
       0
       0
       0
       0
       0
       0
       0
       0
       0
       0
       0
       0
       0
       0
       0
       0
       0
       0
       0
       0
       0
       0
       0
       0
       0
       0
       0
       0
       0
       0
       0
       0
       0
       0
       0
       0
       0
       0
       0
       0
       0
       0
       0
       0
       0
       0
       0
       0
       0
       0
       0
       0
       0
       0
       0
       0
       0
       0
       0
       0
       0
       0
       0
       0
       0
       0
       0
       0
       0
       0
       0
       0
       0
       0
       0
       0
       0
       0
       0
       0
       0
       0
       0
       0
       0
       0
       0
       0
       0
       0
       0
       0
       0
       0
       0
       0
       0
       0
       0
       0
       0
       0
       0
       0
       0
       0
       0
       0
       0
       0
       0
       0
       0
       0
       0
       0
       0
       0
       0
       0
       0
       0
       0
       0
       0
       0
       0
       0
       0
       0
       0
       0
       0
       0
       0
       0
       0
       0
       0
       0
       0
       0
       0
       0
       0
       0
       0
       0
       0
       0
       0
       0
       0
       0
       0
       0
       0
       0
       0
       0
       0
       0
       0
       0
       0
       0
       0
       0
       0
       0
       0
       0
       0
       0
       0
       0
       0
       0
       0
       0
       0
       0
       0
       0
       0
       0
       0
       0
       0
       0
       0
       0
       0
       0
       0
       0
       0
       0
       0
       0
       0
       0
       0
       0
       0
       0
       0
       0
       0
       0
       0
       0
       0
       0
       0
       0
       0
       0
       0
       0
       0
       0
       0
       0
       0
       0
       0
       0
       0
       0
       0
       0
       0
       0
       0
       0
       0
       0
       0
       0
       0
       0
       0
       0
       0
       0
       0
       0
       0
       0
       0
       0
       0
       0
       0
       0
       0
       0
       0
       0
       0
       0
       0
       0
       0
       0
       0
       0
       0
       0
       0
       0
       0
       0
       0
       0
       0
       0
       0
       0
       0
       0
       0
       0
       0
       0
       0
       0
       0
       0
       0
       0
       0
       0
       0
       0
       0
       0
       0
       0
       0
       0
       0
       0
       0
       0
       0
       0
       0
       0
       0
       0
       0
       0
       0
       0
       0
       0
       0
       0
       0
       0
       0
       0
       0
       0
       0
       0
       0
       0
       0
       0
       0
       0
       0
       0
       0
       0
       0
       0
       0
       0
       0
       0
       0
       0
       0
       0
       0
       0
       0
       0
       0
       0
       0
       0
       0
       0
       0
       0
       1
       0
       0
       0
       0
       0
       0
       0
       0
       0
       0
       0
       0
       0
       0
       0
       0
       0
       0
       0
       0
       0
       0
       0
       0
       0
       0
       0
       0
       0
       0
       0
       0
       0
       0
       0
       0
       0
       0
       0
       0
       0
       0
       0
       0
       0
       0
       0
       0
       0
       0
       0
       0
       0
       0
       0
       0
       0
       0
       0
       0
       0
       0
       0
       0
       0
       0
       0
       0
       0
       0
       0
       0
       0
       0
       0
       0
       0
       0
       0
       0
       0
       0
       0
       0
       0
       0
       0
       0
       0
       0
       0
       0
       0
       0
       0
       0
       0
       0
       0
       0
       0
       0
       0
       0
       0
       0
       0
       0
       0
       0
       0
       0
       0
       0
       0
       0
       0
       0
       0
       0
       0
       0
       0
       0
       0
       0
       0
       0
       0
       0
       0
       0
       0
       0
       0
       0
       0
       0
       0
       0
       0
       0
       0
       0
       0
       0
       0
       0
       0
       0
       0
       0
       0
       0
       0
       0
       0
       0
       0
       0
       0
       0
       0
       0
       0
       0
       0
       0
       0
       0
       0
       0
       0
       0
       0
       0
       0
       0
       0
       0
       0
       0
       0
       0
       0
       0
       0
       0
       0
       0
       0
       0
       0
       0
       0
       0
       0
       0
       0
       0
       0
       0
       0
       0
       0
       0
       0
       0
       0
       0
       0
       0
       0
       0
       0
       0
       0
       0
       0
       0
       0
       0
       0
       0
       0
       0
       0
       0
       0
       0
       0
       0
       0
       0
       0
       0
       0
       0
       0
       0
       0
       0
       0
       0
       0
       0
       0
       0
       0
       0
       0
       0
       0
       0
       0
       0
       0
       0
       0
       0
       0
       0
       0
       0
       0
       0
       0
       0
       0
       0
       0
       0
       0
       0
       0
       0
       0
       0
       0
       0
       0
       0
       0
       0
       0
       0
       0
       0
       0
       0
       0
       0
       0
       0
       0
       0
       0
       0
       0
       0
       0
       0
       0
       0
       0
       0
       0
       0
       0
       0
       0
       0
       0
       0
       0
       0
       0
       0
       0
       0
       0
       0
       0
       0
       0
       0
       0
       0
       0
       0
       0
       0
       0
       0
       0
       0
       0
       0
       0
       0
       0
       0
       0
       0
       0
       0
       0
       0
       0
       0
       0
       0
       0
       0
       0
       0
       0
       0
       0
       0
       0
       0
       0
       0
       0
       0
       0
       0
       0
       0
       0
       0
       0
       0
       0
       0
       0
       0
       0
       0
       0
       0
       0
       0
       0
       0
       0
       0
       0
       0
       0
       0
       0
       0
       0
       0
       0
       0
       0
       0
       0
       0
       0
       0
       0
       0
       0
       0
       0
       0
       0
       0
       0
       0
       0
       0
       0
       0
       0
       0
       0
       0
       0
       0
       0
       0
       0
       0
       0
       0
       0
       0
       0
       0
       0
       0
       0
       0
       0
       0
       0
       0
       0
       0
       0
       0
       0
       0
       0
       0
       0
       0
       0
       0
       0
       0
       0
       0
       0
       0
       0
       0
       0
       0
       0
       0
       0
       0
       0
       0
       0
       0
       0
       0
       0
       0
       0
       0
       0
       0
       0
       0
       0
       0
       0
       0
       0
       0
       0
       0
       0
       0
       0
       0
       0
       0
       0
       0
       0
       0
       0
       0
       0
       0
       0
       0
       0
       0
       0
       0
       0
       0
       0
       0
       0
       0
       0
       0
       0
       0
       0
       0
       0
       0
       0
       0
       0
       0
       0
       0
       0
       0
       0
       0
       0
       0
       0
       0
       0
       0
       0
       0
       0
       0
       0
       0
       0
       0
       0
       0
       0
       0
       0
       0
       0
       0
       0
       0
       0
       0
       0
       0
       0
       0
       0
       0
       0
       0
       0
       0
       0
       0
       0
       0
       0
       0
       0
       0
       0
       0
       0
       0
       0
       0
       0
       0
       0
       0
       0
       0
       0
       0
       0
       0
       0
       0
       0
       0
       0
       0
       0
       0
       0
       0
       0
       0
       0
       0
       0
       0
       0
       0
       0
       0
       0
       0
       0
       0
       0
       0
       0
       0
       0
       0
       0
       0
       0
       0
       0
       0
       0
       0
       0
       0
       0
       0
       0
       0
       0
       0
       0
       0
       0
       0
       0
       0
       0
       0
       0
       0
       0
       0
       0
       0
       0
       0
       0
       0
       0
       0
       0
       0
       0
       0
       0
       0
       0
       0
       0
       0
       0
       0
       0
       0
       0
       0
       0
       0
       0
       0
       0
       0
       0
       0
       0
       0
       0
       0
       0
       0
       0
       0
       0
       0
       0
       0
       0
       0
       0
       0
       0
       0
       0
       0
       0
       0
       0
       0
       0
       0
       0
       0
       0
       0
       0
       0
       0
       0
       0
       0
       0
       0
       0
       0
       0
       0
       0
       0
       0
       0
       0
       0
       0
       0
       0
       0
       0
       0
       0
       0
       0
       0
       0
       0
       0
       0
       0
       0
       0
       0
       0
       0
       0
       0
       0
       0
       0
       0
       0
       0
       0
       0
       0
       0
       0
       0
       0
       0
       0
       0
       0
       0
       0
       0
       0
       0
       0
       0
       0
       0
       0
       0
       0
       0
       0
       0
       0
       0
       0
       0
       0
       0
       0
       0
       0
       0
       0
       0
       0
       0
       0
       0
       0
       0
       0
       0
       0
       0
       0
       0
       0
       0
       0
       0
       0
       0
       0
       0
       0
       0
       0
       0
       0
       0
       0
       0
       0
       0
       0
       0
       0
       0
       0
       0
       0
       0
       0
       0
       0
       0
       0
       0
       0
       0
       0
       0
       0
       0
       0
       0
       0
       0
       0
       0
       0
       0
       0
       0
       0
       0
       0
       0
       0
       0
       0
       0
       0
       0
       0
       0
       0
       0
       0
       0
       0
       0
       0
       0
       0
       0
       0
       0
       0
       0
       0
       0
       0
       0
       0
       0
       0
       0
       0
       0
       0
       0
       0
       0
       0
       0
       0
       0
       0
       0
       0
       0
       0
       0
       0
       0
       0
       0
       0
       0
       0
       0
       0
       0
       0
       0
       0
       0
       0
       0
       0
       0
       0
       0
       0
       0
       0
       0
       0
       0
       0
       0
       0
       0
       0
       0
       0
       0
       0
       0
       0
       0
       0
       0
       0
       0
       0
       0
       0
       0
       0
       0
       0
       0
       0
       0
       0
       0
       0
       0
       0
       0
       0
       0
       0
       0
       0
       0
       0
       0
       0
       0
       0
       0
       0
       0
       0
       0
       0
       0
       0
       0
       0
       0
       0
       0
       0
       0
       0
       0
       0
       0
       0
       0
       0
       0
       0
       0
       0
       0
       0
       0
       0
       0
       0
       0
       0
       0
       0
       0
       0
       0
       0
       0
       0
       0
       0
       0
       0
       0
       0
       0
       0
       0
       0
       0
       0
       0
       0
       0
       0
       0
       0
       0
       0
       0
       0
       0
       0
       0
       0
       0
       0
       0
       0
       0
       0
       0
       0
       0
       0
       0
       0
       0
       0
       0
       0
       0
       0
       0
       0
       0
       0
       0
       0
       0
       0
       0
       0
       0
       0
       0
       0
       0
       0
       0
       0
       0
       0
       0
       0
       0
       0
       0
       0
       0
       0
       0
       0
       0
       0
       0
       0
       0
       0
       0
       0
       0
       0
       0
       0
       0
       0
       0
       0
       0
       0
       0
       0
       0
       0
       0
       0
       0
       0
       0
       0
       0
       0
       0
       0
       0
       0
       0
       0
       0
       0
       0
       0
       0
       0
       0
       0
       0
       0
       0
       0
       0
       0
       0
       0
       0
       0
       0
       0
       0
       0
       0
       0
       0
       0
       0
       0
       0
       0
       0
       0
       0
       0
       0
       0
       0
       0
       0
       0
       0
       0
       0
       0
       0
       0
       0
       0
       0
       0
       0
       0
       0
       0
       0
       0
       0
       0
       0
       0
       0
       0
       0
       0
       0
       0
       0
       0
       0
       0
       0
       0
       0
       0
       0
       0
       0
       0
       0
       0
       0
       0
       0
       0
       0
       0
       0
       0
       0
       0
       0
       0
       0
       0
       0
       0
       0
       0
       0
       0
       0
       0
       0
       0
       0
       0
       0
       0
       0
       0
       0
       0
       0
       0
       0
       0
       0
       0
       0
       0
       0
       0
       0
       0
       0
       0
       0
       0
       0
       0
       0
       0
       0
       0
       0
       0
       0
       0
       0
       0
       0
       0
       0
       0
       0
       0
       0
       0
       0
       0
       0
       0
       0
       0
       0
       0
       0
       0
       0
       0
       0
       0
       0
       0
       0
       0
       0
       0
       0
       0
       0
       0
       0
       0
       0
       0
       0
       0
       0
       0
       0
       0
       0
       0
       0
       0
       0
       0
       0
       0
       0
       0
       0
       0
       0
       0
       0
       0
       0
       0
       0
       0
       0
       0
       0
       0
       0
       0
       0
       0
       0
       0
       0
       0
       0
       0
       0
       0
       0
       0
       0
       0
       0
       0
       0
       0
       0
       0
       0
       0
       0
       0
       0
       0
       0
       0
       0
       0
       0
       0
       0
       0
       0
       0
       0
       0
       0
       0
       0
       0
       0
       0
       0
       0
       0
       0
       0
       0
       0
       0
       0
       0
       0
       0
       0
       0
       0
       0
       0
       0
       0
       0
       0
       0
       0
       0
       0
       0
       0
       0
       0
       0
       0
       0
       0
       0
       0
       0
       0
       0
       0
       0
       0
       0
       0
       0
       0
       0
       0
       0
       0
       0
       0
       0
       0
       0
       0
       0
       0
       0
       0
       0
       0
       0
       0
       0
       0
       0
       0
       0
       0
       0
       0
       0
       0
       0
       0
       0
       0
       0
       0
       0
       0
       0
       0
       0
       0
       0
       0
       0
       0
       0
       0
       0
       0
       0
       0
       0
       0
       0
       0
       0
       0
       0
       0
       0
       0
       0
       0
       0
       0
       0
       0
       0
       0
       0
       0
       0
       0
       0
       0
       0
       0
       0
       0
       0
       0
       0
$ROI:
0
$PRESETS:
None
0
0
$ENER_FIT:
0.000000 0.000000
$MCA_CAL:
3
0.000000E+000 0.000000E+000 0.000000E+000 
$SHAPE_CAL:
3
0.000000E+000 0.000000E+000 0.000000E+000
