$SPEC_ID:
No sample description was entered.
$SPEC_REM:
DET# 1
DETDESC# ELIMED2-PC Easy-MCA-8k SN 19133189
AP# Maestro Version 7.01
$DATE_MEA:
12/16/2019 17:50:10
$MEAS_TIM:
1334 1335
$DATA:
0 8191
       0
       0
       0
       0
       0
       0
       0
       0
       0
       0
       0
       0
       0
       0
       0
       0
       0
       0
       0
       0
       0
       1
       3
       9
      13
      42
      89
     222
     763
    2802
    4282
    6236
    6538
    4813
    4182
    3630
    3357
    2962
    2850
    2635
    2565
    2488
    2208
    1796
    1182
     772
     594
     397
     306
     285
     214
     185
     190
     158
     162
     154
     170
     168
     146
     150
     148
     152
     135
     127
     136
     129
     129
     117
     124
     120
     120
     116
     121
     107
     112
      94
      98
      98
      96
     103
     112
     104
      82
      96
      93
     100
      89
     100
      78
      75
      70
      99
      73
      81
      71
      81
      64
      80
      66
      74
      67
      76
      77
      72
      76
      69
      77
      74
      69
      61
      69
      65
      65
      58
      50
      64
      66
      58
      59
      50
      59
      65
      59
      53
      51
      59
      58
      41
      51
      57
      54
      50
      48
      52
      55
      43
      52
      48
      43
      38
      40
      42
      51
      48
      47
      45
      45
      39
      45
      40
      35
      48
      33
      61
      44
      36
      40
      42
      46
      44
      31
      31
      35
      36
      42
      47
      35
      20
      34
      38
      37
      43
      48
      33
      45
      47
      34
      44
      36
      44
      42
      28
      40
      41
      46
      38
      33
      34
      34
      29
      34
      31
      37
      47
      28
      28
      32
      34
      38
      29
      34
      37
      33
      36
      37
      28
      40
      36
      52
      30
      27
      26
      32
      38
      21
      38
      30
      37
      31
      39
      36
      33
      28
      22
      30
      26
      36
      33
      25
      24
      35
      23
      30
      24
      22
      33
      37
      30
      31
      27
      34
      23
      33
      19
      30
      28
      23
      36
      17
      39
      22
      32
      28
      38
      27
      29
      20
      31
      16
      26
      19
      33
      22
      19
      26
      26
      29
      25
      28
      18
      26
      31
      22
      24
      22
      29
      20
      23
      38
      29
      26
      22
      23
      21
      25
      24
      23
      30
      24
      28
      24
      23
      28
      21
      34
      24
      24
      19
      29
      26
      27
      21
      23
      25
      19
      17
      28
      25
      36
      19
      22
      22
      16
      28
      30
      25
      18
      21
      27
      26
      18
      19
      22
      24
      26
      19
      17
      25
      27
      23
      26
      16
      25
      18
      28
      25
      21
      19
      21
      25
      26
      22
      24
      22
      19
      26
      17
      18
      21
      15
      22
      32
      19
      19
      14
      27
      16
      21
      28
      23
      15
      26
      20
      21
      24
      17
      20
      35
      13
      15
      21
      27
      15
      16
      23
      15
      15
      21
      15
      22
      27
      20
      20
      20
      17
      20
      26
      18
      19
      24
      15
      20
      30
      19
      26
      22
      31
      21
      15
      18
      21
      19
      26
      22
      19
      22
      15
      20
      23
      16
      20
      25
      26
      20
      34
      22
      17
      22
      17
      23
      20
      25
      33
      23
      19
      31
      20
      17
      23
      15
      23
      29
      24
      22
      26
      27
      26
      15
      26
      23
      16
      18
      19
      23
      13
      15
      18
      18
      20
      18
      20
      25
      20
      20
      20
      20
      23
      30
      19
      23
      14
      26
      27
      16
      20
      25
      20
      19
      14
      23
      17
      12
      15
      18
      15
      19
      26
      18
      14
      24
      15
      16
      20
      22
      25
      27
      25
      21
      22
      19
      15
      19
      23
      24
      19
      20
      12
      28
      22
      18
      24
      23
      18
      20
      17
      20
      24
      19
      17
      13
      20
      22
      17
      22
      18
      24
      18
      17
      23
      20
      19
      22
      13
      20
      15
      15
      26
      19
      18
      21
      11
      17
      17
      18
      14
      23
      21
      12
      23
      24
      11
      17
      18
      19
      15
      22
      23
      20
      22
      13
      23
      21
      11
      21
      24
      18
      15
      31
      18
      19
      18
      16
      12
      23
      15
      25
      15
       9
      24
      20
      23
      15
      17
      16
      19
      16
      16
      20
      29
      18
      24
      13
      13
      16
      14
      26
      18
      23
      25
      16
      20
      31
      15
      17
      19
      21
      14
      14
      22
      22
      16
      21
      18
      29
      13
       8
      18
      17
      19
      13
      17
      18
      17
      23
      16
      24
      19
      12
      22
      21
      18
      22
      25
      25
      28
      19
      14
      27
      24
      26
      20
      16
      22
      19
      20
      12
      18
      18
      17
      14
      21
      19
      23
      21
      19
      18
      23
      14
       8
      10
      20
      24
      27
      31
      17
      15
      19
      21
      20
      17
      16
      16
      26
      18
      13
      22
      16
      22
      17
      21
      12
      18
      13
      17
      16
      22
      17
      11
       8
      18
      12
      26
      18
      23
      24
      14
      22
      24
      21
      15
      16
      25
      23
      27
      12
      19
      19
      24
      14
      14
      20
      11
      14
      18
      13
      22
      21
      22
      22
      15
      21
      23
      17
      26
      21
      18
      17
      13
      16
      21
      17
      23
      14
      12
      15
      22
      19
      26
      16
      18
      14
      24
      15
      14
      20
      20
      17
      11
      18
      21
      28
      19
      19
      24
      23
      17
      17
      17
      15
      15
      19
      18
      24
      24
      14
      26
      12
      11
      18
      12
      16
      19
      19
      14
      20
      26
      22
      18
      22
      18
      25
      22
      15
      15
      13
      23
      26
      26
      19
      16
      16
      21
      21
      19
      19
      19
      29
      21
      16
      16
      17
      25
      13
      24
      16
      27
      25
      15
      22
      17
      16
      15
      33
      13
      24
      21
      20
      17
      20
      18
      27
      34
      14
      23
      23
      24
      17
      20
      19
      20
      16
      17
      28
      29
      12
      19
      15
      25
      25
      17
      23
      18
      17
      22
      22
      18
      17
      17
      16
      20
      16
      19
      16
      24
      25
      16
      17
      22
      23
      17
      18
      21
      27
      17
      25
      22
      19
      26
      20
      18
      20
      25
      13
      20
      19
      16
      20
      30
      21
      18
      21
      13
      22
      28
      24
      18
      18
      26
      21
      21
      22
      24
      28
      15
      11
      15
      17
      18
      23
      17
      15
      15
      14
      18
      23
      19
      19
      18
      16
      28
      26
      19
      21
      17
      22
      26
      15
      19
      21
      19
      20
      15
      27
      25
      20
      27
      29
      18
      26
      17
      33
      31
      32
      30
      23
      24
      24
      24
      27
      23
      24
      28
      16
      16
      26
      21
      19
      22
      21
      14
      17
      19
      16
      17
      12
      21
      21
      13
      21
      14
      19
      27
      21
      24
      28
      25
      31
      22
      19
      20
      23
      20
      31
      17
      16
      23
      16
      24
      22
      25
      18
      26
      30
      21
      32
      18
      16
      18
      10
      18
      22
      22
      23
      23
      19
      25
      18
      27
      29
      17
      16
      25
      21
      24
      25
      23
      31
      23
      21
      28
      23
      21
      19
      21
      23
      31
      22
      26
      28
      18
      26
      20
      23
      21
      18
      22
      22
      22
      30
      19
      23
      11
      20
      25
      23
      12
      25
      18
      33
      19
      19
      21
      16
      21
      24
      19
      14
      23
      26
      18
      21
      31
      23
      23
      17
      18
      21
      21
      21
      17
      18
      27
      17
      27
      18
      22
      15
      25
      36
      22
      18
      15
      24
      17
      20
      25
      22
      15
      14
      29
      30
      21
      19
      16
      13
      26
      19
      35
      24
      16
      21
      20
      20
      22
      26
      24
      20
      22
      23
      24
      23
      25
      23
      15
      22
      25
      19
      24
      23
      20
      21
      14
      19
      15
      21
      27
      22
      15
      29
      23
      27
      27
      24
      23
      22
      29
      29
      22
      31
      21
      24
      16
      30
      14
      26
      21
      20
      20
      16
      23
      29
      20
      20
      22
      22
      28
      20
      25
      23
      17
      22
      21
      15
      28
      18
      23
      18
      26
      20
      16
      24
      22
      18
      12
      28
      28
      20
      20
      20
      28
      19
      28
      19
      22
      24
      28
      25
      26
      27
      31
      23
      30
      22
      19
      25
      28
      23
      23
      25
      20
      20
      27
      28
      17
      27
      26
      22
      23
      17
      26
      23
      22
      21
      23
      26
      31
      35
      23
      20
      17
      31
      27
      27
      27
      25
      24
      17
      20
      30
      26
      22
      23
      19
      21
      21
      22
      23
      25
      17
      26
      20
      33
      29
      24
      23
      21
      30
      27
      26
      28
      25
      32
      34
      24
      30
      28
      24
      33
      17
      27
      26
      31
      34
      28
      31
      31
      31
      16
      22
      29
      18
      16
      39
      28
      19
      29
      23
      28
      32
      24
      37
      24
      33
      29
      31
      36
      30
      30
      34
      21
      28
      32
      35
      28
      34
      29
      20
      39
      30
      23
      25
      33
      29
      41
      28
      34
      23
      31
      29
      29
      28
      36
      36
      31
      41
      41
      37
      41
      33
      29
      35
      38
      26
      37
      42
      30
      28
      32
      36
      46
      42
      35
      42
      43
      30
      39
      35
      50
      31
      45
      39
      39
      34
      60
      45
      47
      39
      38
      52
      43
      52
      52
      53
      51
      45
      54
      51
      57
      52
      66
      47
      56
      60
      71
      75
      53
      55
      55
      63
      62
      66
      63
      54
      59
      60
      69
      69
      76
      69
      60
      61
      70
      69
      70
      72
      55
      84
      79
      62
      65
      61
      81
      75
      63
      71
      81
      81
      84
      67
      97
      93
      91
      90
      97
      97
      87
     100
     105
     103
      88
     108
     114
     103
      84
     108
      80
     104
     106
     108
      88
     115
     126
     101
     125
     123
     119
     115
     116
     128
     126
     122
     110
     111
     108
     134
     141
     126
     101
     128
     151
     112
     141
     127
     125
     149
     131
     143
     124
     146
     126
     129
     156
     143
     144
     139
     150
     152
     144
     148
     165
     166
     161
     179
     169
     133
     154
     163
     165
     193
     172
     174
     170
     189
     152
     202
     216
     205
     166
     198
     159
     196
     183
     191
     196
     200
     176
     197
     186
     204
     190
     174
     207
     189
     172
     201
     220
     187
     205
     200
     208
     162
     223
     238
     191
     221
     181
     201
     198
     204
     197
     213
     236
     176
     206
     218
     197
     219
     198
     214
     202
     225
     224
     246
     216
     213
     245
     212
     220
     213
     227
     218
     237
     218
     228
     211
     219
     219
     229
     223
     227
     226
     202
     188
     224
     230
     215
     235
     240
     204
     226
     193
     191
     254
     236
     185
     199
     236
     195
     227
     214
     225
     207
     220
     213
     199
     210
     197
     179
     209
     194
     215
     213
     179
     209
     199
     240
     200
     223
     180
     211
     208
     195
     203
     186
     172
     192
     198
     211
     188
     200
     191
     181
     191
     193
     193
     177
     164
     212
     195
     190
     163
     155
     202
     178
     177
     173
     193
     189
     192
     178
     196
     168
     203
     180
     175
     173
     161
     169
     168
     173
     164
     158
     187
     163
     172
     160
     172
     162
     160
     154
     181
     167
     154
     158
     160
     160
     148
     143
     159
     151
     149
     157
     133
     153
     144
     133
     152
     145
     138
     165
     161
     162
     166
     142
     152
     142
     139
     155
     157
     144
     132
     133
     149
     152
     157
     151
     151
     150
     137
     143
     140
     142
     133
     127
     132
     147
     121
     156
     123
     123
     126
     138
     127
     140
     159
     127
     131
     148
     136
     119
     133
     148
     106
     146
     154
     131
     128
     134
     115
     123
     124
     138
     116
     124
     150
     126
     127
     109
     133
     137
     138
     117
     136
     115
     127
     119
     112
     107
     108
     115
     119
     134
     120
     122
     119
     101
     117
     113
     110
     121
     115
     112
     132
     103
     105
     116
     125
     116
      99
     123
     116
     107
     112
      97
     117
     122
     122
     102
     103
     134
     109
     102
     105
     114
     102
     106
     103
     121
     112
     100
     114
     116
     105
     122
      91
     104
     107
     117
      86
     129
     105
     105
     114
     124
     119
     124
     100
      97
      96
     109
     102
     108
      97
     107
     115
      96
      99
      90
     110
     113
     113
      93
      84
     104
     105
     101
     116
      80
     103
     104
     112
      97
     105
     105
     105
     102
     103
      94
      94
     106
      88
     108
      98
     107
      81
     101
      99
     100
      85
     101
      97
      86
     106
      87
     109
      81
     111
     105
     101
     114
      88
      90
      91
      95
     101
      98
      98
      85
      94
      82
      80
      88
      95
      91
      86
      92
     110
     103
      89
      99
     108
      77
      87
     100
      85
      98
      87
      90
      95
      89
     105
      88
      99
      64
      97
      91
      81
      86
     107
      87
      74
      87
      81
      90
      85
     102
      80
      90
      88
      90
      85
      81
      75
      74
      87
      87
      95
      84
      61
      75
      83
      90
      92
      84
      77
      85
      87
      73
      78
      89
      92
      97
      78
      76
      81
      88
      82
      81
      83
      76
      77
      75
      71
      70
      93
      73
      76
      77
      73
      95
      77
      77
      77
      73
      79
      61
      79
      86
     100
      76
      71
      64
      73
      72
      62
      81
      79
      64
      86
      75
      82
      70
      69
      64
      77
      94
      66
      80
      71
      74
      67
      79
      59
      60
      62
      84
      74
      76
      74
      65
      71
      76
      60
      67
      72
      79
      81
      81
      67
      77
      59
      70
      69
      66
      52
      76
      73
      55
      70
      69
      62
      73
      71
      58
      64
      80
      61
      60
      74
      77
      72
      76
      64
      63
      66
      77
      89
      84
      58
      55
      72
      69
      63
      70
      65
      74
      77
      68
      77
      61
      80
      68
      71
      68
      60
      54
      69
      64
      48
      58
      57
      70
      63
      59
      57
      72
      71
      56
      55
      60
      57
      58
      63
      74
      64
      71
      70
      65
      52
      70
      58
      71
      70
      62
      61
      54
      54
      69
      56
      60
      67
      50
      60
      58
      51
      55
      57
      70
      52
      50
      68
      59
      74
      59
      73
      61
      72
      70
      60
      61
      59
      65
      42
      56
      64
      59
      53
      51
      52
      57
      63
      52
      61
      71
      72
      62
      44
      66
      61
      54
      60
      57
      42
      72
      65
      38
      59
      57
      63
      55
      49
      48
      56
      59
      52
      53
      54
      61
      66
      56
      45
      54
      67
      50
      41
      43
      63
      63
      44
      45
      45
      47
      51
      55
      61
      53
      49
      47
      67
      39
      48
      52
      56
      44
      47
      46
      55
      45
      44
      45
      58
      60
      47
      51
      62
      55
      50
      39
      51
      37
      44
      46
      63
      38
      51
      50
      56
      42
      55
      54
      56
      50
      48
      48
      53
      51
      54
      46
      49
      63
      41
      38
      50
      48
      47
      39
      51
      53
      51
      39
      53
      57
      47
      48
      59
      60
      43
      44
      41
      38
      52
      38
      64
      49
      52
      50
      38
      49
      53
      46
      57
      35
      45
      37
      38
      44
      44
      43
      44
      36
      47
      43
      46
      43
      37
      40
      61
      59
      43
      45
      46
      48
      57
      46
      47
      39
      45
      40
      38
      42
      36
      56
      44
      42
      33
      39
      42
      28
      49
      35
      42
      45
      37
      46
      48
      35
      37
      28
      45
      59
      45
      31
      48
      40
      40
      49
      39
      56
      45
      30
      35
      42
      24
      35
      39
      31
      40
      40
      41
      35
      35
      44
      42
      38
      46
      37
      32
      42
      52
      33
      37
      39
      51
      36
      48
      25
      35
      37
      40
      43
      34
      27
      42
      23
      44
      33
      52
      39
      36
      37
      48
      33
      33
      41
      51
      43
      24
      29
      34
      38
      29
      36
      35
      35
      35
      31
      34
      33
      35
      40
      32
      35
      32
      37
      34
      34
      40
      45
      37
      43
      34
      31
      29
      38
      32
      30
      34
      37
      44
      34
      33
      37
      43
      40
      22
      32
      37
      41
      45
      37
      44
      36
      30
      36
      30
      34
      34
      39
      33
      33
      23
      38
      28
      36
      38
      27
      39
      32
      25
      23
      30
      37
      45
      32
      27
      32
      35
      31
      32
      25
      41
      25
      27
      35
      22
      28
      37
      28
      28
      31
      43
      27
      34
      31
      30
      25
      38
      26
      34
      34
      29
      21
      33
      40
      25
      21
      32
      23
      22
      25
      29
      26
      30
      29
      32
      27
      30
      27
      25
      28
      33
      33
      25
      38
      34
      29
      25
      20
      25
      25
      26
      21
      20
      19
      30
      25
      23
      30
      27
      27
      23
      27
      27
      31
      22
      32
      31
      30
      33
      33
      19
      16
      26
      25
      26
      24
      23
      25
      18
      28
      23
      25
      22
      28
      21
      30
      23
      23
      26
      28
      28
      27
      19
      27
      23
      23
      23
      24
      22
      21
      23
      23
      20
      28
      26
      19
      21
      32
      27
      24
      24
      27
      23
      30
      22
      20
      16
      23
      27
      33
      31
      29
      25
      25
      25
      17
      17
      28
      28
      18
      22
      27
      14
      26
      23
      17
      24
      21
      20
      13
      22
      28
      20
      24
      10
      22
      34
      22
      24
      13
      22
      15
      23
      23
      16
      18
      20
      13
      22
      20
      18
      20
      24
      19
      26
      27
      22
      24
      24
      27
      21
      13
      22
      20
      16
      15
      27
      17
      13
      23
      13
      19
      23
      20
      13
      21
      32
      19
      22
      16
      19
      20
      16
      22
      23
      21
      21
      15
      25
      16
      15
      27
      16
      22
      18
      26
      22
      27
      19
      29
      21
      24
      18
      14
      18
      27
      22
      17
      24
      19
      16
      17
      23
      22
      17
      27
      20
      22
      20
      20
      28
      16
      25
      16
      16
      18
      11
      19
      26
      19
      21
      16
      20
      20
      23
      18
      22
      21
      19
      21
      18
      17
      17
      16
      16
      18
      21
      14
      17
      15
      16
      13
      14
      18
      22
      18
      16
      16
      21
      16
      17
      19
      16
      16
      11
      16
      15
      17
      30
      17
      18
      13
      15
      19
      18
      13
      16
      15
      21
      14
      15
      17
      20
      21
      17
      17
      25
      14
      13
      13
      15
      18
      14
      18
      20
      20
      19
      11
      17
      18
      17
      13
      27
      12
      18
      22
      23
      14
      13
      11
      20
      12
      21
      17
      19
      16
      14
      18
      16
      15
      11
      15
      18
      18
      22
      14
      15
      21
      10
      17
      15
      16
      24
      15
      22
      12
      19
      13
      14
       9
      15
       7
       7
      16
      10
      12
      24
      15
      16
      15
      11
      14
      18
      27
      14
      15
      15
      17
       7
      24
      21
      25
       8
      14
      13
      21
      13
      20
      15
      16
      18
      21
      12
      15
      18
      12
      18
      10
      13
      13
      10
      12
      15
      16
      17
      16
      11
      10
      17
      15
       9
      22
      15
      12
      19
       6
      18
      12
      15
      11
      12
       8
      21
      18
      13
      19
      19
      12
      15
      20
      16
      12
      13
      16
      18
      14
      19
      12
      18
      13
      19
      15
      16
      14
       7
      16
       9
       9
       9
      14
      14
      15
      13
      13
      14
      11
      14
      11
      15
      10
      17
      20
      12
      12
      14
      21
      16
      25
      20
      13
       7
      12
      16
      12
       9
      11
      17
      15
      18
      23
      19
      10
      12
       8
      10
      16
       9
      11
      17
      17
      15
       9
      14
       9
      11
      15
       7
      18
      15
      14
      17
      11
       9
      10
      17
      16
      12
      18
      10
      17
      13
      21
      13
      17
      12
      17
      15
       9
      18
      12
      11
       5
      12
      14
      13
      16
      18
      12
      17
       9
       8
      11
      12
      14
      15
      13
      15
      18
      11
       8
      12
      15
      19
      13
      13
       9
      15
      12
      13
      12
       8
       7
      11
      13
       8
       5
      16
      13
      26
      14
      12
       9
       7
      14
      11
      14
      12
      12
      15
      17
      17
      10
      16
      11
       9
      15
      15
      17
      15
       8
      18
      11
      15
      19
      12
      16
      10
       9
       8
      14
      16
      12
      11
      11
      10
      16
      15
      12
      13
      10
      10
      15
       8
      12
      14
      19
      13
      10
      15
      17
      14
      11
      16
      14
      10
      14
      10
      14
       7
      13
      12
       6
       7
      11
       7
      14
      12
      12
       9
      13
      13
      19
      12
      15
       9
      13
      10
       9
      13
      11
      13
      10
      11
      11
      12
       7
       7
       5
      10
      11
       8
      19
      11
       9
      15
       8
      11
       8
      13
      13
      15
      12
      15
      11
       6
      13
       6
       9
      11
      10
      15
       8
      12
       9
      10
       7
       9
      12
      12
      14
      14
       8
      10
       7
       5
       9
       8
      10
       7
       7
       9
       9
      11
      13
       8
      11
      13
      15
      13
       6
       8
       8
      11
      11
      10
       8
       9
       8
       8
       9
       7
      11
       9
      16
      14
      11
       7
      10
       9
      13
      10
       7
       7
       6
      12
       7
      16
      10
      11
       8
      12
      10
      12
      15
       9
       6
       8
      10
       9
      11
       8
      12
      13
       9
       8
      10
       7
      15
       9
       9
      10
       5
       8
      11
       7
      12
       8
       9
       6
       7
       6
       9
      13
       8
       6
      12
       9
       9
      19
      11
      12
      11
      10
      13
      10
       7
       8
      12
       7
      11
      14
       6
      12
       8
      15
       7
      11
      14
      11
      10
       6
       8
      10
      12
       7
      15
       8
      10
       4
       9
       8
       9
      14
       8
       8
      12
      10
       8
      11
      13
       8
       7
       7
       7
       6
       5
       9
      12
      16
       6
      10
      11
       8
       9
      12
       9
      15
      20
       9
       4
       6
       7
       9
       6
       7
      12
       6
       9
       7
       8
       8
      12
       6
      10
       5
       5
       8
      12
       3
       9
       6
      10
       5
       7
      10
       5
      12
       5
       7
       6
      10
      13
      11
       7
       1
       7
       5
      14
      10
      11
       7
       7
      11
       6
       9
       8
      10
       9
       6
       5
      10
       7
       7
       7
       6
      12
      10
       8
       7
       9
       8
       9
      10
      11
       6
       7
       7
      10
       7
      10
       8
      11
       7
       7
       6
      12
       6
      10
       8
       6
       9
       7
       5
       9
       6
       3
       4
       3
      12
       9
      10
      10
       9
       7
       7
       7
       7
       6
       9
       5
       4
       7
      10
       6
       9
      12
      10
       9
       7
      11
       7
       3
       6
       7
      11
      10
      11
      11
      10
       7
       7
       7
       7
       7
       9
       7
      14
       7
       7
       7
      10
       7
      12
       8
       6
       6
       7
      11
       7
      15
       9
       6
      12
      10
      13
       9
       6
       9
       8
       7
      11
       7
       7
      11
       3
       8
       9
       6
       7
       5
       6
       9
      13
       4
      10
      10
      11
      10
       6
       8
       9
      11
       9
      11
       6
       5
       8
       9
       4
       6
       4
       9
       7
       7
       4
      13
       7
       8
       6
       9
       6
      10
       6
      10
       8
       7
       8
      10
      10
       9
       7
       6
       7
      11
       7
       5
       7
       8
       9
       5
       6
       5
       4
       9
       7
       9
      12
       5
       7
       3
       7
       5
       3
       7
       8
       6
       7
      13
      14
      10
      10
       8
       9
       7
       8
       9
       7
       2
       4
       8
       5
       5
       7
      12
       7
       7
       6
      11
       9
       6
      11
       8
       8
       6
       9
      10
       3
       6
       8
       7
      11
       8
       6
       9
       6
       4
       4
       5
       6
       6
       2
       9
       7
       3
      10
       7
       6
       7
       2
       6
       8
       7
       8
       8
       7
       6
       2
       7
       9
       3
       6
       3
      10
       3
       3
       6
      11
       9
       4
       7
       7
       6
       7
       3
       9
      10
       8
       5
       6
      12
      13
       9
       7
       7
       9
      11
       6
       5
       5
       6
       4
       4
      10
       4
      12
      12
       9
       5
       4
      10
       3
       5
       9
       5
       6
       5
       6
       4
       6
       7
       8
       5
       8
       7
      11
       8
       7
       6
      10
      13
      10
       3
       4
      13
       7
      10
       8
       2
       6
       7
       7
      10
       4
       7
       3
       5
       8
       5
       5
       6
       5
       5
       5
       6
       8
       8
      10
       2
       3
       6
      11
      12
       7
       8
       4
       6
       3
       8
       9
       3
      10
       9
       3
       7
      12
       4
       8
       5
       3
       5
      10
       4
       6
       7
      10
       4
       6
      10
       5
       6
       3
      10
       9
       5
       7
       6
       3
       6
       4
       8
       6
       3
       3
      10
       6
       3
       5
       6
       5
       4
       3
       6
       6
       8
       8
       9
       6
       6
       9
       9
      12
       6
       3
       5
       2
       7
       5
       4
       8
       8
       8
      10
       6
       6
       3
       3
       4
       5
       6
       9
       2
       4
       4
       5
       4
       6
       9
       6
       8
       5
       9
       5
       6
       6
       5
       3
       3
       3
       6
       7
       8
       8
       3
       3
       7
       3
       7
       6
       4
       7
       4
       3
       7
       4
       5
       1
      12
      11
      10
       7
       3
       5
       4
       3
       2
       7
       5
       2
       5
       5
       3
      10
       3
       2
       6
       5
       4
       5
       5
       8
       8
       5
       6
       7
       6
       7
       6
       2
       6
       4
       5
       5
       2
       3
       3
       7
       6
       6
       6
       2
       8
       4
       9
       8
       5
       3
       6
       7
       4
       5
       6
       4
       0
       7
       6
       7
       4
       6
       6
       6
       2
       5
       6
       7
       4
       8
       9
       2
       1
       9
       6
       8
       4
       5
       3
       6
       5
       5
       3
       3
       8
       1
       8
       7
       7
       3
       8
       5
       8
       2
      12
       5
       8
       2
       6
       9
       3
       4
       7
       6
       7
       5
       1
       5
       4
       4
       8
       6
       3
       8
       3
       5
       4
       4
       2
       2
       4
       2
       7
       5
       4
       4
       1
       6
       5
       1
       6
       7
       1
       6
       6
       6
       7
       6
       5
       8
       2
       6
       5
       4
       7
       3
       5
       4
       8
       4
       3
       4
       9
       5
       6
       8
       3
       6
       4
       5
       7
       0
       6
       6
       4
      10
       5
       2
       6
       6
       3
       6
       3
       4
       5
      10
       9
      10
       4
       5
       2
       8
       3
       6
      10
      11
       6
       3
       6
       6
       6
       4
       7
       8
       3
       6
       3
       2
       4
       8
       3
      10
       5
       6
       9
       9
       3
       2
       8
       3
       1
       7
       5
       8
      10
       4
       5
       4
       4
       6
       1
       6
       4
       4
       3
       5
       5
       5
       6
       3
       2
       4
       4
       3
       0
       4
       5
       9
       4
       4
       3
       3
       7
       8
       4
       6
       5
       5
       2
       7
       4
       3
       3
       6
       5
       3
       7
       2
       5
       6
       2
       4
       4
       3
       3
       6
       4
       0
       2
       6
       4
       9
       4
       3
       5
       8
       3
       5
       4
       2
       2
       4
       5
       2
       7
       6
       0
       3
       4
       5
       6
       4
       5
       5
       2
       3
       4
       2
       6
       3
       2
       1
       5
       3
       6
       2
       2
       1
       1
       6
       4
       4
       3
       4
       3
       6
       5
       3
       2
       8
       3
       4
       2
       5
       8
       1
       1
       5
       6
       1
       1
       5
       6
       3
       6
       4
       1
       4
       6
       1
       6
       2
       5
       2
       6
       3
       6
       6
       5
       4
       7
       0
       6
      12
       3
       1
       4
       2
       2
       2
       7
       1
       7
       8
       6
       6
       4
       5
       1
       6
       3
       2
       3
       1
       0
       2
       6
       7
       6
       4
       2
       2
       2
       3
       1
       3
       5
       3
       0
       5
       8
       1
       4
       1
       3
       9
       4
       8
       4
       1
       3
       3
       3
       5
       2
       6
       1
       4
       3
       3
       3
       1
       8
       3
       4
       6
       2
       5
       6
       3
       3
       3
       1
       2
       3
       1
       2
       7
       5
       6
       3
       8
       5
       6
       1
       5
       2
       2
       6
       4
       3
       7
      10
       4
       5
       1
       4
       3
       4
       6
       1
       9
       5
       7
       2
       3
       7
       5
       5
       4
       6
       2
       7
       3
       5
       2
       2
       2
       4
       4
       5
       2
       3
       2
       3
       2
       2
       2
       2
       5
       7
       6
       4
       2
       3
       4
       4
       5
       4
       2
       4
       3
       6
       3
       3
       6
       5
       3
       4
       3
       4
       3
       4
       3
       1
       5
       7
       4
       6
       7
       2
       2
       4
       4
       6
       5
       4
       2
       3
       2
       5
       7
       4
       5
       2
       4
       0
       3
       4
       2
       3
       5
       7
       4
       2
       4
       0
       4
       3
       5
       4
       5
       9
       6
       2
       4
       4
       2
       5
       2
       3
       1
       2
       1
       4
       3
       3
       4
       1
       1
       2
       5
       5
       4
       1
       3
       5
       5
       7
       4
       7
       1
       3
       4
       3
       7
       1
       2
       3
       2
       2
       2
       3
       2
       6
       7
       3
       4
       5
       8
       7
       0
       4
       4
       4
       3
       3
       3
       3
       1
       1
       5
       4
       8
       3
       5
       4
       5
       3
       8
       8
       3
       6
       2
       3
       2
       9
       6
      10
       5
       2
       3
       1
       2
       5
       3
       2
       4
       2
       1
       2
       7
       1
       5
       2
       3
       5
       5
       1
       8
       8
       1
       2
       3
       4
       3
       4
       5
       4
       4
       5
       1
       1
       0
       4
       2
       6
       7
       5
       3
       6
       5
       3
       5
       1
       0
       1
       2
       1
       6
       2
       2
       4
       6
       3
       6
       2
       3
       5
       4
       4
       5
       2
       3
       6
       3
       5
       5
       2
       4
       4
       3
       2
       0
       7
       1
       2
       1
       3
       2
       3
       6
       3
       6
       4
       3
       3
       1
       5
       4
       3
       2
       4
       1
       3
       2
       8
       4
       7
       3
       2
       5
       3
       2
       2
       1
       4
       4
       1
       4
       4
       3
       2
       2
       7
       2
       3
       1
       2
       4
       3
       4
       2
       4
       3
       3
       1
       6
       2
       1
       4
       5
       4
       3
       1
       1
       4
       2
       3
       7
       4
       4
       4
       2
       2
       1
       6
       7
       2
       2
       2
       3
       4
       3
       3
       2
       4
       2
       1
       4
       1
       4
       2
       4
       1
       3
       5
       6
       4
       1
       2
       7
       1
       2
       3
       3
       4
       3
       1
       3
       1
       8
       3
       3
       3
       0
       2
       2
       2
       4
       2
       3
       7
       4
       3
       4
       2
       5
       1
       3
       4
       5
       4
       2
       0
       4
       4
       2
       4
       2
       4
       4
       2
       3
       2
       3
       2
       2
       1
       3
       2
       2
       3
       3
       3
       3
       3
       2
       2
       4
       2
       4
       5
       2
       4
       3
       3
       2
       4
       4
       0
       3
       3
       3
       4
       4
       4
       1
       2
       5
       3
       0
       2
       4
       3
       3
       3
       1
       3
       5
       3
       2
       2
       2
       2
       3
       3
       3
       1
       7
       4
       1
       2
       4
       2
       3
       1
       5
       5
       4
       3
       2
       2
       0
       2
       1
       6
       9
       4
       3
       2
       4
       2
       4
       3
       4
       5
       3
       1
       2
       4
       1
       3
       6
       4
       4
       1
       3
       2
       2
       5
       1
       2
       8
       4
       0
       3
       5
       3
       2
       6
       5
       2
       4
       2
       3
       3
       4
       3
       3
       2
       3
       5
       2
       0
       3
       5
       4
       5
       4
       4
       4
       6
       5
       3
       2
       2
       2
       3
       5
       4
       1
       3
       4
       6
       4
       3
       4
       0
       6
       1
       2
       0
       5
       3
       4
       4
       1
       2
       2
       3
       1
       3
       4
       0
       2
       7
       1
       2
       4
       3
       2
       4
       3
       2
       4
       3
       5
       2
       5
       4
       3
       2
       3
       0
       2
       1
       3
       1
       5
       3
       5
       5
       0
       0
       2
       2
       5
       1
       3
       2
       0
       3
       0
       4
       0
       0
       6
       1
       3
       4
       7
       3
       3
       6
       7
       4
       1
       2
       3
       1
       5
       3
       2
       4
       3
       1
       2
       5
       4
       5
       3
       2
       2
       9
       2
       2
       2
       2
       2
       3
       2
       1
       0
       3
       3
       3
       2
       4
       2
       3
       3
       2
       2
       2
       1
       3
       2
       1
       2
       5
       0
       4
       3
       6
       1
       2
       2
       3
       3
       1
       2
       5
       4
       2
       2
       3
       2
       3
       2
       4
       2
       6
       3
       5
       3
       1
       3
       4
       2
       2
       0
       6
       2
       1
       5
       2
       5
       4
       2
       3
       6
       3
       1
       3
       6
       3
       3
       4
       0
       3
       4
       2
       3
       1
       5
       1
       1
       4
       3
       3
       2
       0
       3
       1
       3
       6
       1
       2
       1
       3
       1
       5
       3
       4
       3
       1
       3
       1
       0
       3
       3
       3
       1
       3
       4
       2
       2
       3
       2
       1
       2
       2
       3
       2
       5
       2
       3
       2
       2
       4
       3
       7
       5
       5
       2
       5
       0
       2
       4
       1
       1
       1
       3
       2
       2
       2
       5
       4
       2
       1
       4
       0
       4
       3
       3
       6
       2
       0
       2
       3
       1
       1
       4
       1
       2
       2
       2
       2
       2
       5
       5
       1
       4
       3
       4
       3
       2
       3
       3
       0
       3
       2
       1
       2
       2
       2
       4
       2
       4
       2
       1
       4
       4
       1
       2
       2
       3
       3
       2
       2
       3
       3
       1
       1
       1
       2
       2
       3
       2
       0
       3
       2
       2
       2
       2
       3
       3
       2
       3
       1
       4
       2
       3
       4
       3
       4
       2
       1
       5
       2
       0
       5
       2
       1
       2
       0
       2
       1
       1
       2
       2
       2
       2
       2
       3
       4
       4
       3
       4
       3
       2
       3
       2
       3
       6
       4
       1
       3
       3
       3
       5
       3
       3
       2
       4
       1
       6
       1
       1
       0
       2
       4
       3
       2
       2
       0
       4
       5
       2
       5
       1
       1
       3
       1
       4
       3
       1
       1
       2
       4
       3
       5
       2
       2
       2
       2
       1
       2
       2
       1
       5
       3
       6
       1
       0
       2
       3
       2
       1
       2
       1
       5
       4
       3
       1
       5
       5
       4
       3
       3
       4
       4
       2
       5
       3
       4
       4
       3
       4
       5
       0
       2
       3
       3
       1
       5
       3
       3
       6
       2
       2
       1
       2
       3
       2
       4
       1
       2
       0
       3
       3
       0
       4
       3
       0
       3
       2
       7
       3
       1
       4
       3
       6
       0
       1
       1
       2
       1
       2
       2
       2
       2
       3
       1
       4
       3
       3
       2
       3
       3
       0
       4
       4
       5
       3
       0
       3
       3
       2
       1
       3
       4
       2
       1
       3
       2
       4
       2
       3
       2
       0
       3
       2
       1
       1
       2
       2
       3
       0
       0
       6
       4
       3
       3
       3
       1
       3
       2
       4
       3
       0
       3
       2
       7
       2
       7
       0
       6
       1
       1
       1
       1
       0
       3
       4
       4
       2
       3
       3
       2
       3
       2
       1
       1
       1
       2
       1
       4
       3
       4
       0
       1
       5
       3
       2
       1
       2
       1
       3
       1
       3
       2
       4
       2
       3
       2
       2
       1
       2
       2
       3
       2
       0
       1
       2
       3
       3
       5
       3
       4
       4
       3
       1
       2
       1
       1
       3
       2
       0
       1
       0
       2
       2
       1
       5
       3
       2
       3
       1
       1
       1
       6
       6
       0
       1
       0
       5
       3
       0
       3
       1
       2
       2
       2
       1
       0
       2
       4
       2
       2
       3
       1
       1
       3
       4
       4
       2
       5
       2
       5
       2
       0
       3
       6
       1
       3
       5
       0
       2
       2
       6
       2
       3
       3
       4
       1
       4
       2
       2
       3
       1
       2
       3
       5
       1
       3
       1
       2
       2
       1
       0
       1
       2
       8
       1
       2
       5
       1
       2
       0
       1
       1
       3
       1
       5
       5
       3
       4
       3
       3
       1
       3
       0
       3
       5
       5
       4
       1
       1
       2
       1
       2
       2
       2
       2
       0
       5
       1
       3
       0
       3
       5
       2
       2
       4
       2
       3
       2
       5
       4
       5
       1
       1
       2
       3
       2
       4
       1
       1
       3
       3
       3
       5
       4
       4
       2
       2
       5
       1
       0
       4
       0
       3
       2
       3
       4
       2
       5
       5
       6
       2
       4
       1
       6
       1
       2
       2
       3
       2
       2
       4
       6
       4
       3
       2
       3
       1
       1
       4
       2
       2
       7
       3
       1
       4
       3
       2
       2
       2
       2
       2
       1
       4
       3
       2
       1
       1
       2
       2
       3
       2
       2
       0
       4
       1
       6
       3
       1
       1
       3
       0
       1
       3
       1
       0
       2
       1
       2
       1
       3
       2
       4
       2
       3
       2
       3
       3
       4
       4
       3
       1
       1
       4
       4
       3
       3
       3
       5
       1
       4
       0
       1
       5
       3
       2
       2
       2
       2
       1
       3
       4
       4
       3
       3
       1
       3
       2
       2
       3
       6
       1
       1
       1
       4
       4
       1
       2
       4
       1
       3
       2
       4
       1
       3
       2
       1
       1
       0
       4
       2
       4
       3
       2
       1
       0
       2
       3
       4
       3
       2
       1
       4
       4
       1
       0
       1
       4
       5
       2
       2
       2
       4
       2
       4
       2
       3
       0
       4
       4
       2
       3
       2
       2
       3
       3
       0
       4
       1
       5
       0
       4
       0
       2
       3
       3
       2
       0
       0
       5
       3
       1
       1
       1
       1
       4
       3
       2
       3
       4
       3
       5
       0
       0
       4
       3
       3
       3
       3
       4
       3
       1
       0
       2
       2
       1
       0
       1
       4
       2
       1
       2
       0
       2
       2
       2
       1
       3
       2
       1
       2
       3
       3
       4
       1
       5
       2
       5
       5
       2
       4
       4
       2
       4
       4
       4
       0
       4
       0
       5
       3
       3
       3
       3
       0
       3
       4
       2
       2
       2
       2
       5
       1
       2
       1
       2
       3
       2
       3
       2
       1
       2
       1
       2
       4
       4
       1
       3
       0
       1
       3
       2
       3
       2
       3
       0
       1
       2
       3
       3
       4
       5
       1
       4
       3
       2
       2
       2
       4
       5
       3
       4
       1
       8
       3
       0
       4
       2
       1
       2
       1
       2
       5
       1
       5
       5
       3
       5
       4
       4
       1
       3
       5
       0
       0
       1
       1
       2
       5
       2
       0
       5
       4
       1
       1
       1
       2
       2
       1
       4
       1
       4
       3
       3
       1
       5
       1
       3
       1
       1
       1
       4
       2
       1
       2
       2
       2
       0
       2
       0
       4
       1
       0
       1
       5
       2
       4
       2
       1
       6
       0
       5
       5
       2
       4
       4
       4
       3
       3
       2
       4
       4
       3
       1
       0
       1
       1
       3
       3
       3
       0
       5
       0
       4
       2
       2
       4
       3
       0
       2
       2
       2
       0
       2
       1
       3
       3
       3
       2
       3
       2
       2
       3
       2
       6
       3
       0
       2
       2
       3
       2
       1
       2
       2
       3
       0
       4
       2
       0
       1
       3
       2
       1
       1
       2
       2
       3
       3
       3
       1
       1
       3
       3
       4
       5
       1
       2
       2
       0
       2
       2
       1
       1
       5
       2
       4
       0
       4
       0
       1
       1
       2
       3
       3
       3
       2
       1
       2
       3
       2
       2
       2
       1
       2
       1
       5
       2
       2
       4
       2
       4
       2
       2
       1
       1
       2
       1
       3
       1
       3
       2
       1
       2
       1
       4
       1
       4
       0
       2
       4
       2
       0
       4
       1
       3
       3
       1
       3
       1
       0
       1
       2
       4
       4
       2
       1
       5
       1
       3
       1
       1
       1
       1
       2
       0
       1
       4
       2
       2
       2
       1
       3
       3
       1
       5
       2
       4
       4
       4
       3
       3
       4
       2
       3
       0
       0
       0
       2
       2
       0
       3
       1
       4
       0
       1
       1
       1
       3
       2
       4
       2
       2
       0
       0
       2
       0
       1
       1
       3
       0
       4
       2
       3
       1
       2
       2
       2
       0
       1
       0
       3
       2
       0
       0
       2
       2
       0
       0
       2
       2
       1
       1
       3
       4
       2
       0
       0
       2
       1
       0
       2
       1
       4
       2
       2
       1
       3
       1
       1
       4
       3
       4
       1
       3
       1
       4
       0
       1
       2
       1
       1
       1
       0
       5
       0
       0
       1
       0
       0
       1
       0
       1
       1
       1
       0
       2
       1
       0
       0
       2
       2
       2
       0
       1
       0
       2
       1
       1
       0
       0
       0
       0
       1
       2
       1
       1
       1
       1
       1
       0
       0
       3
       0
       1
       0
       0
       0
       1
       1
       0
       0
       0
       0
       0
       0
       1
       0
       1
       2
       2
       2
       3
       1
       1
       0
       1
       1
       0
       1
       0
       0
       0
       0
       1
       1
       0
       0
       1
       0
       0
       0
       0
       1
       0
       1
       0
       0
       1
       0
       0
       0
       0
       2
       0
       0
       0
       0
       1
       0
       1
       1
       1
       0
       2
       0
       1
       0
       0
       0
       1
       0
       0
       0
       0
       0
       0
       0
       0
       0
       0
       0
       0
       1
       0
       0
       0
       0
       0
       0
       0
       0
       0
       0
       1
       1
       1
       0
       0
       0
       2
       0
       0
       1
       0
       0
       0
       0
       1
       0
       2
       0
       0
       0
       0
       1
       0
       1
       0
       0
       0
       0
       0
       0
       0
       0
       0
       1
       0
       0
       0
       0
       0
       0
       0
       0
       0
       0
       0
       0
       0
       0
       0
       0
       0
       0
       1
       0
       0
       0
       0
       0
       0
       0
       0
       0
       0
       0
       0
       0
       0
       0
       0
       0
       0
       0
       0
       0
       0
       0
       0
       0
       0
       0
       0
       0
       0
       0
       0
       0
       0
       0
       0
       0
       0
       0
       0
       1
       0
       0
       0
       0
       0
       0
       0
       0
       0
       0
       0
       0
       0
       0
       0
       1
       0
       0
       0
       0
       0
       0
       0
       0
       0
       0
       0
       0
       0
       0
       0
       0
       0
       0
       0
       0
       0
       0
       0
       0
       0
       0
       0
       0
       0
       0
       0
       0
       0
       0
       0
       0
       0
       0
       0
       0
       0
       0
       0
       0
       0
       0
       0
       0
       0
       0
       0
       0
       0
       0
       0
       0
       0
       0
       0
       0
       0
       0
       0
       0
       0
       0
       0
       1
       0
       0
       0
       0
       0
       0
       0
       0
       0
       0
       0
       0
       0
       0
       0
       0
       0
       0
       0
       0
       0
       0
       0
       0
       0
       0
       0
       0
       0
       0
       0
       0
       0
       0
       0
       0
       0
       0
       0
       0
       0
       0
       0
       0
       0
       0
       0
       0
       0
       0
       0
       0
       0
       0
       0
       0
       0
       0
       0
       0
       0
       0
       0
       0
       0
       0
       0
       0
       0
       0
       0
       0
       0
       0
       0
       0
       0
       0
       1
       0
       0
       0
       0
       0
       0
       0
       0
       0
       0
       0
       0
       0
       0
       0
       0
       0
       0
       0
       0
       0
       0
       0
       0
       0
       0
       0
       0
       0
       0
       0
       0
       0
       0
       0
       0
       0
       0
       0
       0
       0
       0
       0
       0
       0
       0
       0
       0
       0
       0
       0
       0
       0
       0
       0
       0
       0
       0
       0
       0
       0
       0
       0
       0
       0
       0
       0
       0
       0
       0
       0
       0
       0
       0
       0
       0
       0
       0
       0
       0
       0
       0
       0
       0
       0
       0
       0
       0
       0
       0
       0
       0
       0
       0
       0
       0
       0
       0
       0
       0
       0
       0
       0
       0
       0
       0
       0
       0
       0
       0
       0
       0
       0
       0
       0
       0
       0
       0
       0
       0
       0
       0
       0
       0
       0
       0
       0
       0
       0
       0
       0
       0
       0
       0
       0
       0
       0
       0
       0
       0
       0
       0
       0
       0
       0
       0
       0
       1
       0
       0
       0
       0
       0
       0
       0
       0
       0
       0
       0
       0
       0
       0
       0
       0
       0
       0
       0
       0
       0
       0
       0
       0
       0
       0
       0
       0
       0
       0
       0
       0
       0
       0
       0
       0
       0
       0
       0
       0
       0
       0
       0
       0
       0
       0
       0
       0
       0
       0
       0
       0
       0
       0
       0
       0
       0
       0
       0
       0
       0
       0
       0
       0
       0
       0
       0
       0
       0
       0
       0
       0
       0
       0
       0
       0
       0
       0
       0
       0
       0
       0
       0
       0
       0
       0
       0
       0
       0
       0
       0
       0
       0
       0
       1
       0
       0
       0
       0
       0
       0
       0
       0
       0
       0
       0
       0
       0
       0
       0
       0
       0
       0
       0
       0
       0
       0
       0
       0
       0
       0
       0
       0
       0
       0
       0
       0
       0
       0
       0
       0
       0
       0
       0
       0
       0
       0
       0
       0
       0
       0
       0
       0
       0
       0
       0
       0
       0
       0
       0
       0
       0
       0
       0
       0
       0
       0
       0
       0
       0
       0
       0
       0
       0
       0
       0
       0
       0
       0
       0
       0
       0
       0
       0
       0
       0
       0
       0
       0
       0
       0
       0
       0
       0
       0
       0
       0
       0
       0
       0
       0
       0
       0
       0
       0
       0
       0
       0
       0
       0
       0
       0
       0
       0
       0
       0
       0
       0
       0
       0
       0
       0
       0
       0
       0
       0
       0
       0
       0
       0
       0
       0
       0
       0
       0
       0
       0
       0
       0
       0
       0
       0
       0
       0
       0
       0
       0
       0
       0
       0
       0
       0
       0
       0
       0
       0
       0
       0
       0
       0
       0
       0
       0
       0
       0
       0
       0
       0
       0
       0
       0
       0
       0
       0
       0
       0
       0
       0
       0
       0
       0
       0
       0
       0
       0
       0
       0
       0
       0
       0
       0
       0
       0
       0
       0
       0
       0
       0
       0
       0
       0
       0
       0
       0
       0
       0
       0
       0
       0
       0
       0
       0
       0
       1
       0
       0
       0
       0
       0
       0
       0
       0
       0
       0
       0
       0
       0
       0
       0
       0
       0
       0
       0
       0
       0
       0
       0
       0
       0
       0
       0
       0
       0
       0
       0
       0
       0
       0
       0
       0
       0
       0
       0
       0
       0
       0
       0
       0
       0
       0
       0
       0
       0
       0
       0
       0
       0
       0
       0
       0
       0
       0
       0
       0
       0
       0
       0
       0
       0
       0
       0
       0
       0
       0
       0
       0
       0
       0
       0
       0
       0
       0
       0
       0
       0
       0
       0
       0
       0
       0
       1
       0
       0
       0
       0
       0
       0
       0
       0
       0
       0
       0
       0
       0
       0
       0
       0
       0
       0
       0
       0
       0
       0
       0
       0
       0
       0
       0
       0
       0
       0
       0
       0
       0
       0
       0
       0
       0
       0
       0
       0
       0
       0
       0
       0
       0
       0
       0
       0
       0
       0
       0
       0
       0
       0
       0
       0
       0
       0
       0
       0
       0
       0
       0
       0
       0
       0
       0
       0
       0
       0
       0
       0
       0
       0
       0
       0
       0
       0
       0
       0
       0
       0
       0
       0
       0
       0
       0
       0
       0
       0
       0
       0
       0
       0
       0
       0
       0
       0
       0
       0
       0
       0
       0
       0
       0
       0
       0
       0
       0
       0
       0
       0
       0
       0
       0
       0
       0
       0
       0
       0
       0
       0
       0
       0
       0
       0
       0
       0
       0
       0
       0
       0
       0
       0
       0
       0
       0
       0
       0
       0
       0
       0
       0
       0
       0
       0
       0
       0
       0
       0
       0
       0
       0
       0
       0
       0
       0
       0
       0
       0
       0
       0
       0
       0
       0
       0
       0
       0
       0
       0
       0
       0
       0
       0
       0
       0
       0
       0
       0
       0
       0
       0
       0
       0
       0
       0
       0
       0
       0
       0
       0
       0
       0
       0
       0
       0
       0
       0
       0
       0
       0
       0
       0
       0
       0
       0
       0
       0
       0
       0
       0
       0
       0
       0
       0
       0
       0
       0
       0
       0
       0
       0
       0
       0
       0
       0
       0
       0
       0
       0
       0
       0
       0
       0
       0
       0
       0
       0
       0
       0
       0
       0
       0
       0
       0
       0
       0
       0
       0
       0
       0
       0
       0
       0
       0
       0
       0
       0
       0
       0
       0
       0
       0
       0
       0
       0
       0
       0
       0
       0
       0
       0
       0
       0
       0
       0
       0
       0
       0
       0
       0
       0
       0
       0
       0
       0
       0
       0
       0
       0
       0
       0
       0
       0
       0
       0
       0
       0
       0
       0
       0
       0
       0
       0
       0
       0
       0
       0
       0
       0
       0
       0
       0
       0
       0
       0
       0
       0
       0
       0
       0
       0
       0
       0
       0
       0
       0
       0
       0
       0
       0
       0
       0
       0
       0
       0
       0
       0
       0
       0
       0
       0
       0
       0
       0
       0
       0
       0
       0
       0
       0
       0
       0
       0
       0
       0
       0
       0
       0
       0
       0
       0
       0
       0
       0
       0
       0
       0
       0
       0
       0
       0
       0
       0
       0
       0
       0
       0
       0
       0
       0
       0
       0
       0
       0
       0
       0
       0
       0
       0
       0
       0
       0
       0
       0
       0
       0
       0
       0
       0
       0
       0
       0
       0
       0
       0
       0
       0
       0
       0
       0
       0
       0
       0
       0
       0
       0
       0
       0
       0
       0
       0
       0
       0
       0
       0
       0
       0
       0
       0
       0
       0
       0
       0
       0
       0
       0
       0
       0
       0
       0
       0
       0
       0
       0
       0
       0
       0
       0
       0
       0
       0
       0
       0
       0
       0
       0
       0
       0
       0
       0
       0
       0
       1
       0
       0
       0
       0
       0
       0
       0
       0
       0
       0
       0
       0
       0
       0
       0
       0
       0
       0
       0
       0
       0
       0
       0
       0
       0
       0
       0
       0
       0
       0
       0
       0
       0
       0
       0
       0
       0
       0
       0
       0
       0
       0
       0
       0
       0
       0
       0
       0
       0
       0
       0
       0
       0
       0
       0
       0
       0
       0
       0
       0
       0
       0
       0
       0
       0
       0
       0
       0
       0
       0
       0
       0
       0
       0
       0
       0
       0
       0
       0
       0
       0
       0
       0
       0
       0
       0
       0
       0
       0
       0
       0
       0
       0
       0
       0
       0
       0
       0
       0
       0
       0
       0
       0
       0
       0
       0
       0
       0
       0
       0
       0
       0
       0
       0
       0
       0
       0
       0
       0
       0
       0
       0
       0
       0
       0
       0
       0
       0
       0
       0
       0
       0
       0
       0
       0
       0
       0
       0
       0
       0
       0
       0
       0
       0
       0
       0
       0
       0
       0
       0
       0
       0
       0
       0
       0
       0
       0
       0
       0
       0
       0
       0
       0
       0
       0
       0
       0
       0
       0
       0
       0
       0
       0
       0
       0
       0
       0
       0
       0
       0
       0
       0
       0
       0
       0
       0
       0
       0
       0
       0
       0
       0
       0
       0
       0
       0
       0
       0
       0
       0
       0
       0
       0
       0
       0
       0
       0
       0
       0
       0
       0
       0
       0
       0
       0
       0
       0
       0
       0
       0
       0
       0
       0
       0
       0
       0
       0
       0
       0
       0
       0
       0
       0
       0
       0
       0
       0
       0
       0
       0
       0
       0
       0
       0
       0
       0
       0
       0
       0
       0
       0
       0
       0
       0
       0
       0
       0
       0
       1
       0
       0
       0
       0
       0
       0
       0
       0
       0
       0
       0
       0
       0
       0
       0
       0
       1
       0
       0
       0
       0
       0
       0
       0
       0
       0
       0
       0
       0
       0
       0
       0
       0
       0
       0
       0
       0
       0
       0
       0
       0
       0
       0
       0
       0
       0
       0
       0
       0
       0
       0
       0
       1
       0
       0
       0
       0
       0
       0
       0
       0
       0
       0
       0
       0
       0
       0
       0
       0
       0
       0
       0
       0
       0
       0
       0
       0
       0
       0
       0
       0
       0
       0
       0
       0
       0
       0
       0
       0
       0
       0
       0
       0
       0
       0
       0
       0
       0
       0
       0
       0
       0
       0
       0
       0
       0
       0
       0
       0
       0
       0
       0
       0
       0
       0
       0
       0
       0
       0
       0
       0
       0
       0
       0
       0
       0
       0
       0
       0
       0
       0
       0
       0
       0
       0
       0
       0
       0
       0
       0
       0
       0
       0
       0
       0
       0
       0
       0
       0
       0
       0
       0
       0
       0
       0
       0
       0
       0
       0
       0
       0
       0
       0
       0
       0
       0
       0
       0
       0
       0
       0
       0
       0
       0
       0
       0
       0
       0
       0
       0
       0
       0
       0
       0
       0
       0
       0
       0
       0
       0
       0
       0
       0
       0
       0
       0
       0
       0
       0
       0
       0
       0
       0
       0
       0
       0
       0
       0
       0
       0
       0
       0
       0
       0
       0
       0
       0
       0
       0
       0
       0
       0
       0
       0
       0
       0
       0
       0
       0
       0
       0
       0
       0
       0
       0
       0
       0
       0
       0
       0
       0
       0
       0
       0
       0
       0
       0
       0
       0
       0
       0
       0
       0
       0
       0
       0
       0
       0
       0
       0
       0
       0
       0
       0
       0
       0
       0
       0
       0
       0
       0
       0
       0
       0
       0
       0
       0
       0
       0
       0
       0
       0
       0
       0
       0
       0
       0
       0
       0
       0
       0
       0
       0
       0
       0
       0
       0
       0
       0
       0
       0
       0
       0
       0
       0
       0
       0
       0
       0
       0
       0
       0
       0
       0
       0
       0
       0
       0
       0
       0
       0
       0
       0
       0
       0
       0
       0
       0
       0
       0
       0
       0
       0
       0
       0
       0
       0
       0
       0
       0
       0
       0
       0
       0
       0
       0
       0
       0
       0
       0
       0
       0
       0
       0
       0
       0
       0
       0
       0
       0
       0
       0
       0
       0
       0
       0
       0
       0
       0
       0
       0
       0
       0
       0
       0
       0
       0
       0
       0
       0
       0
       0
       0
       0
       0
       0
       0
       0
       0
       0
       0
       0
       0
       0
       0
       0
       0
       0
       0
       0
       0
       0
       0
       0
       0
       0
       0
       0
       0
       0
       0
       0
       0
       0
       0
       0
       0
       0
       0
       0
       0
       0
       0
       0
       0
       0
       0
       0
       0
       0
       0
       0
       0
       0
       0
       0
       0
       0
       0
       0
       0
       0
       0
       0
       0
       0
       0
       0
       0
       0
       0
       0
       0
       0
       0
       0
       0
       0
       0
       0
       0
       0
       0
       0
       0
       0
       0
       0
       0
       0
       0
       0
       0
       0
       0
       0
       0
       0
       0
       0
       0
       0
       0
       0
       0
       0
       0
       0
       0
       0
       0
       0
       0
       0
       0
       0
       0
       0
       0
       0
       0
       0
       0
       0
       0
       0
       0
       0
       0
       0
       0
       0
       0
       0
       0
       0
       0
       0
       0
       0
       0
       0
       0
       0
       0
       0
       0
       0
       0
       0
       0
       0
       0
       0
       0
       0
       0
       0
       0
       0
       0
       0
       0
       0
       0
       0
       0
       0
       0
       0
       0
       0
       0
       0
       0
       0
       0
       0
       0
       0
       0
       0
       0
       0
$ROI:
0
$PRESETS:
None
0
0
$ENER_FIT:
0.000000 0.000000
$MCA_CAL:
3
0.000000E+000 0.000000E+000 0.000000E+000 
$SHAPE_CAL:
3
0.000000E+000 0.000000E+000 0.000000E+000
