$SPEC_ID:
No sample description was entered.
$SPEC_REM:
DET# 1
DETDESC# ELIMED2-PC Easy-MCA-8k SN 19133189
AP# Maestro Version 7.01
$DATE_MEA:
12/16/2019 18:19:51
$MEAS_TIM:
1169 1170
$DATA:
0 8191
       0
       0
       0
       0
       0
       0
       0
       0
       0
       0
       0
       0
       0
       0
       0
       0
       0
       0
       0
       0
       0
       1
       1
       0
       6
      13
      45
     107
     268
     799
    1922
    6241
    8715
    4734
    3544
    3147
    2765
    2379
    2104
    1772
    1630
    1430
    1149
     915
     714
     519
     408
     291
     188
     168
      99
     100
     105
      80
      89
      83
      73
      58
      66
      64
      74
      82
      76
      57
      52
      66
      81
      43
      51
      45
      52
      54
      53
      56
      52
      29
      43
      57
      52
      62
      51
      42
      38
      50
      44
      37
      52
      34
      41
      39
      38
      38
      36
      33
      31
      43
      38
      30
      30
      37
      31
      31
      30
      29
      38
      24
      26
      36
      29
      32
      43
      34
      28
      28
      33
      29
      25
      22
      25
      20
      29
      28
      24
      34
      26
      21
      35
      23
      18
      35
      35
      26
      22
      23
      32
      25
      16
      27
      20
      15
      23
      21
      22
      23
      23
      18
      19
      26
      17
      28
      29
      16
      12
      15
      24
      10
      14
      23
      24
      19
      26
      22
      18
      15
      29
      20
      23
      23
      17
      19
      17
      22
      22
      22
      14
      20
      24
      17
      16
      14
      25
      22
      20
      18
      19
      20
      19
      13
      13
      20
      26
       8
      25
      24
      16
      16
      13
      20
      19
      21
      11
      14
      16
      12
      14
      13
      20
       9
      12
      15
       9
      23
      17
      17
      25
      17
      18
      25
      15
      16
      11
      12
      19
      13
      11
      15
      12
      16
      15
      17
      16
      17
      15
       9
      12
      16
      23
      19
      14
      15
      10
      21
      23
      16
      17
      17
      25
      15
      15
      12
      16
      17
      14
      12
      15
      11
      16
      13
       9
      12
      16
      15
      20
      11
      11
      16
      12
      17
       9
      13
      19
      21
      16
      15
      13
      21
      14
      20
      13
       9
       9
      10
      15
      18
       9
      12
      15
      12
      13
      13
      15
      15
      14
      14
      11
      15
      16
      18
      14
      11
      13
      10
      10
      10
      17
      14
      10
      13
      13
      13
      14
      10
      15
      16
      13
      11
      13
      16
      11
      12
      11
      16
      13
       8
       9
      13
      12
      18
      11
       7
       7
       9
      19
      10
      14
       7
      13
      15
      13
       7
      14
      14
       6
      15
       5
      12
      15
      10
      12
      21
      13
      13
      11
      12
      12
       5
      13
      16
      11
      13
      14
       8
      12
      16
      20
      18
       6
       9
      15
      15
      11
      14
       7
      17
       3
       8
      15
      14
       7
      13
      11
      14
      12
      13
      11
       9
      11
       8
       4
       9
       8
      10
      10
      17
       8
      18
       8
      18
      15
      12
       9
      10
       4
      15
      15
       7
       9
      10
      13
      20
       5
      17
       9
      10
       9
      16
      12
      12
       8
      15
       7
       9
      18
      12
      12
      13
      10
      14
      12
      11
      15
      11
      11
      11
       7
      14
      11
       6
      12
      18
      15
      12
      13
       9
      10
      15
       6
       8
      11
      16
      13
      14
      12
       8
      15
       8
      19
      10
       7
      14
       4
      10
       7
       7
      10
      10
       9
      10
      10
       7
       9
      12
       9
      11
      11
      11
      19
       9
      13
      14
      16
      11
      10
       9
       8
       7
      19
       9
       6
       6
       9
      17
      15
       9
       6
       9
      12
       9
      18
       8
       5
      13
       9
       5
       5
      12
      11
      11
       9
      13
       9
      13
      15
       8
       7
      14
      13
      15
      10
      11
       6
       8
      13
      11
      10
       6
      11
       9
      11
      12
      13
      14
      15
      13
      12
       7
      15
       9
      14
       8
      12
      13
      17
      10
      16
      12
      12
      13
      12
      15
      19
      16
      19
      10
      14
      12
       7
       6
      11
      11
      13
      11
      16
      16
       9
      19
      10
      13
       8
      13
      15
      12
      18
       9
       8
      10
      11
       9
      10
       8
       6
       6
      12
      10
       7
      10
      15
      14
      18
      13
      15
      13
      16
      14
       6
      10
       9
      13
       8
      12
      10
      11
      11
       7
      10
      14
      17
      14
       9
       5
      19
      12
      13
       7
      17
      10
       6
      18
      11
      11
      10
       8
      12
       8
      10
       9
      13
      10
      11
      14
       6
       7
      14
      13
      16
      11
      16
      11
      10
      11
       8
      15
      10
      12
       9
      14
      17
      16
      10
      12
      16
      15
      13
      16
       9
      16
       7
      21
      12
      13
      13
      21
      12
      16
       9
      17
      18
       5
       8
      10
      14
       7
      19
      12
      17
       4
       8
      13
      19
      14
      15
      12
      11
      12
      16
      14
       8
      16
      11
      12
      14
      11
      15
      10
      18
      15
      13
      11
       7
      17
      16
      18
      13
      18
       7
      17
      16
       9
      13
      19
      18
      15
      13
      13
      12
      10
      15
      18
      12
      12
      21
       9
      20
      10
      16
      13
      17
      10
      15
      14
      14
      22
      12
      15
      15
      14
      12
       6
      11
      17
      13
      16
      11
      13
      16
      14
      11
      10
      11
      10
      15
      15
      15
      22
      13
      11
      18
      16
      15
      13
      15
      10
      12
      14
      20
      10
      23
      21
      16
      12
      13
      11
      16
      10
      14
       9
      12
      16
      10
      17
      12
      21
      12
       8
      22
      12
       8
       8
      11
      16
       9
       7
      16
      13
       8
       7
      16
      19
      23
       6
      14
      15
      17
      21
      21
      18
      17
      15
      15
      16
      14
      13
      18
      12
      10
      15
      20
      11
      17
      14
       9
      17
      11
      17
      10
      10
      21
      12
       7
       9
      17
      11
      12
      15
      11
      15
      14
      17
      10
      13
      15
       7
      11
      15
      16
      16
      16
      15
      18
      12
      13
      14
      14
      12
      10
      15
      15
      11
       7
      10
      15
      17
      12
      16
      15
      13
      14
       9
      13
       9
      15
       8
      10
      19
      18
      12
      16
       9
      15
      18
      14
      25
      12
      19
      15
       7
       9
      19
      11
      11
      15
      14
      15
      12
      13
      16
      20
      22
      23
      11
      15
      19
      15
      16
      17
      16
      23
      16
       7
      14
      15
      16
      18
      14
      18
      15
      16
      15
      16
      15
      19
      12
       9
      22
      16
      15
      17
      18
      13
      18
      11
      10
      15
       6
      19
      12
      11
      17
      20
       5
      19
      12
      16
      15
      14
      15
       8
      24
      17
      11
      20
      19
      10
      22
      11
      17
      15
      19
      17
      20
      14
      14
      15
      14
      13
      18
      13
      19
       7
      20
      27
      20
      26
      11
      16
      16
      21
      11
      16
      20
      24
      20
      22
      21
      21
      13
      18
      16
      14
      22
      27
      35
      22
      25
      22
      19
      17
      23
      19
      20
      24
      17
      16
      33
      22
      19
      19
      28
      29
      23
      13
      24
      23
      23
      31
      26
      31
      29
      27
      24
      26
      20
      29
      34
      22
      20
      18
      22
      31
      34
      32
      32
      33
      33
      30
      30
      31
      39
      30
      39
      44
      36
      37
      43
      29
      37
      32
      35
      46
      38
      41
      40
      53
      33
      47
      40
      35
      45
      47
      43
      41
      51
      58
      56
      48
      55
      51
      43
      46
      49
      54
      54
      59
      59
      65
      53
      67
      51
      68
      62
      57
      71
      67
      60
      67
      69
      79
      80
      74
     104
      74
      78
      66
      76
      80
      83
      81
      74
      87
      77
      90
      79
      83
      82
      99
     101
      78
      62
      86
      97
      84
      83
      91
     115
     106
      93
     100
     117
     110
     115
     108
     116
     101
     104
     106
     102
     107
      88
     111
     113
     125
     114
     129
     127
      98
     117
     105
     128
     141
     111
     113
     130
     145
     134
     149
     140
     153
     128
     108
     121
     109
     129
     118
     129
     130
     126
     156
     131
     134
     121
     135
     134
     146
     144
     124
     134
     165
     147
     133
     127
     134
     140
     152
     150
     132
     132
     162
     122
     145
     136
     131
     149
     158
     124
     139
     126
     135
     173
     155
     138
     137
     147
     152
     153
     132
     124
     104
     143
     133
     145
     136
     152
     113
     156
     139
     133
     132
     136
     126
     139
     120
     153
     134
     118
     123
     122
     139
     144
     125
     131
     133
     138
     130
     145
     122
     135
     129
     121
     112
     100
     140
     125
     117
     123
     124
     122
      96
     100
     144
     124
     123
     120
     109
     103
     111
     103
     116
     104
     106
     132
     120
     120
     112
      99
     104
     105
      96
     103
     111
     104
     102
      95
     106
     112
     109
      98
      94
      99
      95
      93
      94
     117
      97
     102
      93
     106
     104
     101
      96
      88
      87
     109
     105
      89
      97
     101
      86
     120
      99
     105
      86
      99
     102
      79
      81
      92
      84
     112
     114
      93
      91
     101
      81
      86
      87
      87
      88
      96
      67
     101
      98
      95
      86
      83
      88
      87
      89
     101
      68
      81
      81
      76
      80
      95
      88
      86
      96
      91
      95
      79
      92
      74
      80
     102
      85
      84
      71
      73
      91
      87
      88
      65
      71
      81
      78
      75
      90
      61
      90
      67
      81
      81
      74
      90
      77
      66
      92
      61
      81
      71
      72
      72
      72
      83
      60
      60
      74
      73
      59
      79
      77
      74
      73
      59
      81
      81
      68
      66
      66
      57
      92
      61
      71
      70
      61
      74
      81
      71
      77
      64
      49
      71
      67
      65
      74
      65
      66
      58
      67
      67
      63
      67
      68
      69
      68
      62
      55
      60
      59
      61
      59
      63
      50
      58
      56
      66
      78
      65
      57
      57
      64
      60
      49
      61
      48
      62
      56
      59
      61
      57
      65
      51
      56
      53
      62
      54
      55
      58
      56
      67
      57
      67
      52
      57
      58
      66
      59
      65
      54
      51
      42
      42
      57
      52
      51
      51
      59
      67
      41
      50
      51
      55
      41
      51
      54
      49
      56
      48
      45
      42
      50
      40
      54
      38
      56
      50
      44
      40
      51
      46
      45
      35
      39
      56
      38
      36
      39
      55
      40
      41
      49
      35
      43
      52
      43
      42
      44
      34
      41
      44
      46
      42
      43
      32
      38
      35
      49
      35
      37
      43
      39
      34
      41
      36
      44
      33
      37
      25
      50
      41
      22
      31
      22
      36
      41
      42
      29
      34
      39
      24
      39
      31
      30
      33
      32
      28
      35
      36
      25
      32
      35
      23
      29
      29
      29
      22
      33
      15
      32
      32
      31
      28
      40
      29
      25
      29
      26
      35
      44
      30
      23
      33
      31
      29
      25
      29
      31
      23
      32
      31
      23
      39
      28
      27
      20
      23
      20
      23
      21
      21
      31
      28
      23
      25
      25
      29
      24
      25
      25
      22
      40
      24
      30
      32
      28
      16
      14
      20
      24
      27
      21
      28
      30
      16
      29
      30
      31
      23
      15
      23
      22
      21
      31
      20
      24
      27
      19
      21
      28
      25
      22
      14
      27
      19
      27
      18
      16
      20
      21
      17
      25
      20
      21
      19
      24
      18
      23
      24
      17
      25
      26
      19
      25
      17
      25
      15
      21
      14
      18
      26
      21
      30
      22
      25
      20
      17
      21
      19
      18
      17
      11
      14
      19
      23
      18
      29
      22
      27
      21
      19
      18
      21
      16
      27
      25
      22
      14
      20
      16
      21
      17
      21
      20
      17
      20
      14
      21
      12
      18
      20
      11
      22
      20
      21
      17
      17
      25
      12
      14
      18
      13
      17
      19
      15
      19
      19
      10
      12
      13
      20
      13
      21
      20
      23
      12
       9
      14
      14
      14
       9
      21
      15
      12
      11
      23
      15
      11
      20
      10
      18
      11
      14
      13
      15
      13
      14
      17
      18
      14
      16
      15
      10
      11
      13
       9
      11
      13
      12
      14
      15
      15
      31
      14
       8
      14
      16
      20
      15
      12
      12
       8
      10
      14
      15
      12
      21
      12
      12
      12
      12
      18
      16
       6
      25
      19
      13
      28
      14
      19
      11
      18
       9
      16
      22
       8
      11
      13
      15
      18
      19
      17
      10
      13
       9
      14
      11
       8
      14
       8
      11
      11
      15
      14
      18
      15
      11
      13
      11
       9
      10
      10
       9
      14
       9
      17
      11
      13
      13
      17
       7
      11
      10
      11
      14
      13
      11
      11
      15
      17
      12
      12
       6
      11
      14
      13
      14
       9
      12
      10
       8
      14
      13
      18
      10
      12
      12
      14
      13
      15
       9
      12
       9
      11
       9
      16
      14
      10
      10
      15
       8
      13
       8
       5
      11
      17
      15
       7
      16
       8
      12
      12
      11
       8
      12
       8
      11
       8
      12
       7
      13
       9
      14
       8
      10
       8
      15
      15
       6
      12
      12
      13
      17
       8
      11
       7
      13
       4
      12
      11
      16
      17
      13
      14
      11
      11
      14
       8
      11
       9
       8
       8
      13
       9
       8
      12
      12
       9
       4
      13
      10
      13
       8
      10
       7
       6
       8
       8
      12
      13
      12
      11
       6
      11
      10
      11
       8
      12
       6
      13
       4
       7
       6
       6
       7
       9
       6
       9
       9
       9
       5
       9
      11
      13
      10
       5
       9
       7
       9
       5
       9
       2
       7
       9
      10
       4
       8
       6
      11
       7
       7
       8
      10
       9
       7
      11
       9
       5
       5
      15
       4
       7
      11
      19
       8
       7
      10
       7
      11
       9
      10
       7
       4
       6
      11
      12
       9
       9
      10
       8
       8
       6
       5
       7
       7
       7
       2
       9
       7
       8
      10
      11
       4
       6
       6
      10
       7
       4
       6
       9
       5
       7
       8
       5
       9
       8
       8
      11
       9
       5
       5
       5
       7
       6
      11
       5
       8
       5
       3
       8
      14
       9
       5
       8
       7
       4
       9
       7
       7
       6
      11
       5
       9
       9
       6
       9
       7
       2
       9
       9
       7
      10
       5
       4
       7
       9
       7
       4
      10
       4
       2
       7
       4
       7
       9
      12
       8
       8
       3
       8
      13
      12
      10
       4
       6
       7
       5
       3
       6
       9
       5
       6
       9
      11
      10
       7
       6
      10
       8
       8
       5
       5
       8
       6
      10
      13
       5
       5
       5
      12
       6
       8
       7
      11
       3
       6
       6
       7
       5
       8
       6
      12
      13
       8
       4
      10
       8
       8
       6
       9
       2
       3
       8
       5
       7
       8
       6
       2
       5
       6
       7
       6
       5
       6
       6
       7
       2
       3
       7
       6
       8
       4
       9
       4
       6
       6
       3
       4
       5
       3
       8
       8
       9
      13
       5
       6
       6
       6
       8
       5
       9
       8
      10
       5
       4
       6
       3
       5
       6
       8
       5
       4
       5
      13
       3
       6
       7
       5
       5
       7
       8
       7
      11
       3
       5
       6
       4
       7
       5
       4
       7
       6
       7
       3
      10
       5
       7
       3
      11
       3
       4
      13
       7
       6
       7
       8
       7
       5
       3
       3
       4
       3
       5
       7
       7
       5
       6
       5
       3
       6
       6
       7
       4
       3
       4
       3
      10
       5
       7
       8
       3
       6
       1
       5
       2
       5
       4
       7
       5
       6
       6
       1
       8
       5
       1
       7
       5
       3
       7
       5
       2
       4
       7
       3
       4
       8
       5
       3
       3
       3
       5
       5
       6
       7
       5
       6
       9
      10
       4
       7
       3
       3
       5
       8
       6
       5
       8
       5
       3
       3
       5
       4
       7
       3
       9
       2
       8
       2
       7
       7
       1
       1
       5
       5
       5
       4
       7
       9
       2
       9
       9
       6
       4
       3
       8
       4
       5
       9
       3
       6
       6
       2
       3
       6
       4
       5
       4
       9
       3
       5
       5
       7
       2
       5
       4
       1
       6
       3
       4
       8
       4
       5
       3
       6
       3
       5
       2
       3
       8
       3
       8
       6
       3
       5
       5
       6
       8
       6
       5
       7
       8
       7
       4
       2
       2
       7
       5
       3
       5
       6
       1
       3
       3
       6
       4
       4
       2
       3
       5
       5
       5
       3
       2
       3
       5
       3
       7
       5
       0
       3
       2
       6
       4
       8
       2
       6
       5
       2
       2
       6
       3
       2
       4
       8
       6
       3
       2
       7
       6
       1
       6
       3
       5
       6
       6
       4
       5
       4
       3
       4
       6
       6
       4
       3
       6
       8
       5
       6
       4
       1
       2
       3
       2
       1
       3
       8
       5
       9
       6
       5
       2
       6
       7
       4
       6
       6
       5
       3
       1
       5
       4
       4
       3
       2
       2
       2
       4
       5
       4
       3
       2
       8
       1
       2
       1
       7
       4
       4
       5
       4
       7
       1
       2
       2
       3
       4
       4
       7
       4
       5
       5
       7
       1
       4
       1
       2
       7
       2
       3
       4
       3
       5
       4
       3
       4
       7
       3
       4
       3
       5
       6
       3
       3
       3
       4
       2
       4
       5
       5
       4
       3
       3
       4
       4
       4
       4
       4
       3
       4
       2
       5
       3
       7
       4
       2
       3
       6
       1
       3
       1
       2
       3
       4
       2
       6
       1
       8
       1
       1
       5
       2
       4
       1
       4
       6
       3
       4
       4
       4
       5
       5
       8
       2
       4
       1
       6
       2
       3
       3
       8
       1
       5
       5
       4
       3
       1
       3
       1
       4
       4
       3
       2
       1
       6
       6
       1
       3
       7
       3
       4
       3
       5
       1
       2
       5
       2
       2
       4
       1
       4
       7
       3
       2
       3
       4
       7
       1
       2
       5
       4
       2
       2
       1
       5
       5
       2
       1
       1
       1
       8
       7
       0
       4
       5
       2
       1
       5
       2
       5
       0
       2
       1
       3
       2
       0
       5
       0
       4
       2
       2
       2
       5
       4
       5
       6
       2
       5
       0
       4
       3
       1
       0
       2
       3
       1
       1
       3
       2
       0
       2
       3
       4
       7
       4
       6
       5
       1
       4
       3
       2
       2
       6
       3
       4
       1
       5
       4
       3
       3
       2
       3
       1
       7
       3
       6
       3
       1
       1
       2
       2
       2
       2
       4
       5
       1
       2
       4
       5
       3
       2
       2
       3
       1
       1
       3
       5
       2
       3
       5
       4
       1
       4
       3
       2
       3
       1
       1
       2
       2
       1
       3
       4
       2
       0
       5
       1
       1
       5
       3
       3
       5
       3
       2
       5
       3
       1
       0
       1
       6
       0
       0
       2
       3
       3
       3
       2
       2
       3
       1
       1
       5
       4
       3
       3
       2
       1
       3
       3
       2
       4
       6
       0
       1
       1
       7
       4
       6
       2
       1
       3
       2
       2
       7
       5
       1
       4
       2
       2
       3
       3
       1
       1
       3
       4
       5
       3
       1
       5
       4
       3
       0
       1
       5
       4
       1
       1
       3
       1
       0
       1
       3
       0
       3
       1
       8
       3
       3
       4
       1
       1
       4
       1
       2
       1
       3
       4
       5
       3
       7
       3
       3
       3
       2
       3
       2
       3
       2
       3
       2
       2
       3
       0
       3
       1
       1
       1
       3
       1
       1
       3
       2
       1
       0
       3
       4
       2
       0
       3
       3
       3
       2
       1
       2
       3
       2
       1
       2
       1
       4
       4
       0
       4
       5
       2
       2
       0
       0
       2
       0
       0
       4
       4
       0
       2
       2
       1
       1
       1
       5
       3
       0
       0
       3
       1
       0
       1
       3
       0
       5
       2
       1
       3
       4
       2
       2
       3
       5
       1
       3
       2
       3
       2
       2
       0
       1
       3
       1
       2
       2
       2
       2
       0
       3
       2
       4
       3
       1
       3
       3
       0
       2
       6
       4
       3
       1
       3
       2
       3
       1
       2
       2
       2
       5
       2
       3
       2
       1
       3
       1
       2
       5
       3
       2
       2
       2
       3
       1
       1
       2
       0
       5
       3
       3
       1
       2
       3
       3
       2
       2
       1
       1
       2
       2
       1
       2
       2
       2
       0
       2
       1
       1
       4
       4
       3
       2
       3
       2
       3
       2
       2
       4
       2
       2
       3
       4
       3
       1
       1
       2
       3
       2
       4
       2
       2
       5
       3
       5
       3
       4
       2
       0
       3
       3
       1
       2
       3
       2
       1
       3
       2
       2
       0
       1
       2
       3
       2
       3
       1
       1
       1
       2
       1
       3
       0
       1
       2
       2
       4
       2
       0
       1
       2
       2
       3
       6
       3
       1
       0
       3
       0
       0
       2
       1
       2
       0
       2
       1
       1
       3
       1
       2
       4
       1
       2
       1
       1
       2
       2
       1
       1
       0
       2
       4
       2
       1
       1
       2
       2
       1
       1
       0
       1
       0
       1
       2
       3
       2
       3
       1
       1
       3
       0
       4
       0
       2
       1
       2
       0
       2
       3
       3
       1
       1
       2
       0
       2
       2
       0
       1
       4
       4
       2
       0
       2
       2
       0
       4
       2
       0
       2
       1
       3
       1
       1
       0
       2
       1
       3
       0
       0
       1
       0
       1
       1
       2
       2
       1
       1
       1
       2
       1
       0
       2
       3
       2
       2
       0
       4
       4
       3
       2
       0
       5
       1
       4
       0
       3
       3
       2
       0
       1
       1
       2
       1
       0
       1
       1
       3
       5
       0
       2
       1
       1
       0
       5
       5
       1
       1
       2
       1
       1
       2
       1
       1
       4
       0
       1
       2
       1
       1
       3
       2
       2
       2
       4
       1
       2
       0
       3
       2
       0
       0
       0
       2
       3
       3
       3
       2
       2
       1
       2
       0
       4
       2
       3
       1
       0
       2
       2
       1
       0
       3
       2
       2
       3
       2
       1
       0
       2
       3
       1
       6
       2
       0
       2
       2
       1
       0
       1
       0
       3
       2
       3
       1
       2
       2
       1
       3
       0
       2
       2
       1
       3
       1
       1
       1
       0
       3
       0
       1
       2
       0
       0
       3
       1
       0
       2
       0
       3
       2
       0
       0
       2
       0
       1
       2
       3
       2
       1
       2
       1
       4
       1
       0
       1
       1
       2
       2
       1
       1
       2
       1
       0
       0
       0
       1
       2
       2
       3
       0
       0
       1
       4
       1
       1
       1
       1
       2
       1
       2
       1
       1
       2
       1
       0
       0
       1
       1
       0
       0
       2
       4
       1
       2
       0
       3
       0
       2
       2
       0
       1
       1
       1
       1
       1
       1
       1
       0
       3
       1
       1
       0
       1
       1
       2
       1
       4
       2
       1
       2
       2
       0
       1
       1
       1
       1
       2
       1
       4
       1
       0
       1
       2
       0
       1
       4
       0
       1
       2
       3
       1
       2
       0
       0
       0
       1
       2
       0
       1
       1
       1
       0
       1
       0
       2
       3
       0
       1
       2
       1
       3
       0
       2
       0
       0
       1
       1
       1
       1
       0
       2
       0
       0
       0
       4
       1
       1
       1
       0
       0
       1
       0
       1
       0
       0
       1
       0
       2
       2
       0
       1
       1
       3
       0
       0
       0
       1
       2
       1
       1
       0
       1
       0
       0
       0
       1
       1
       1
       0
       2
       2
       3
       0
       0
       2
       0
       1
       0
       1
       0
       0
       2
       0
       1
       0
       1
       1
       2
       2
       1
       0
       1
       2
       3
       2
       1
       4
       2
       4
       2
       2
       1
       1
       0
       0
       1
       2
       1
       1
       1
       1
       1
       3
       1
       1
       4
       0
       1
       2
       2
       2
       0
       1
       3
       0
       1
       0
       1
       0
       0
       1
       2
       1
       0
       2
       0
       2
       1
       1
       1
       1
       2
       0
       0
       1
       1
       1
       0
       3
       1
       0
       1
       1
       0
       2
       1
       2
       1
       0
       2
       1
       2
       2
       2
       0
       0
       1
       2
       4
       1
       0
       1
       1
       1
       1
       0
       1
       4
       0
       2
       3
       4
       0
       0
       1
       0
       2
       1
       2
       0
       1
       2
       2
       2
       1
       3
       1
       1
       4
       1
       1
       4
       0
       2
       0
       4
       1
       1
       0
       1
       1
       1
       0
       3
       1
       1
       1
       1
       1
       4
       2
       3
       1
       4
       0
       3
       0
       2
       1
       0
       0
       1
       0
       1
       2
       1
       0
       0
       0
       0
       1
       1
       1
       1
       1
       1
       1
       2
       0
       1
       2
       0
       1
       2
       1
       2
       3
       0
       1
       1
       0
       1
       0
       1
       1
       3
       1
       0
       1
       1
       1
       1
       0
       0
       1
       1
       0
       1
       2
       2
       0
       1
       1
       0
       1
       1
       2
       1
       2
       4
       2
       1
       0
       0
       1
       1
       0
       0
       4
       0
       2
       1
       0
       1
       2
       1
       2
       1
       0
       1
       0
       2
       1
       0
       0
       2
       1
       0
       1
       3
       2
       0
       3
       0
       1
       0
       1
       1
       0
       1
       2
       0
       1
       1
       2
       0
       0
       1
       0
       1
       1
       2
       0
       0
       1
       1
       0
       0
       0
       0
       3
       0
       0
       0
       1
       1
       1
       3
       1
       1
       2
       2
       0
       0
       0
       0
       0
       0
       0
       1
       1
       0
       1
       1
       1
       4
       0
       0
       1
       0
       1
       0
       0
       2
       0
       1
       0
       1
       0
       1
       4
       3
       2
       0
       0
       0
       3
       0
       1
       1
       1
       1
       2
       1
       2
       0
       1
       2
       0
       0
       0
       1
       2
       1
       2
       3
       1
       0
       1
       3
       0
       2
       2
       1
       1
       1
       1
       0
       1
       3
       1
       2
       2
       1
       2
       0
       0
       0
       0
       2
       1
       1
       0
       0
       0
       1
       1
       5
       3
       1
       1
       1
       1
       0
       0
       0
       0
       1
       3
       2
       2
       0
       0
       1
       3
       1
       0
       0
       2
       3
       0
       1
       2
       4
       0
       0
       1
       0
       3
       0
       3
       1
       1
       1
       0
       0
       0
       1
       1
       0
       0
       1
       3
       0
       0
       0
       0
       1
       1
       1
       0
       0
       0
       4
       1
       0
       0
       1
       1
       0
       0
       0
       2
       1
       0
       1
       2
       0
       2
       1
       3
       0
       1
       2
       1
       0
       1
       0
       0
       0
       2
       3
       1
       0
       0
       1
       0
       2
       0
       1
       0
       2
       1
       2
       1
       0
       1
       1
       3
       0
       0
       1
       1
       1
       2
       1
       0
       1
       2
       0
       0
       0
       0
       1
       0
       2
       0
       1
       1
       1
       0
       2
       0
       2
       1
       2
       1
       1
       1
       0
       0
       1
       2
       1
       1
       0
       1
       1
       1
       0
       0
       0
       0
       0
       0
       1
       2
       0
       0
       0
       0
       0
       0
       1
       0
       0
       1
       2
       1
       0
       1
       2
       2
       1
       0
       2
       0
       0
       1
       0
       1
       2
       0
       0
       0
       1
       2
       1
       0
       3
       0
       2
       1
       0
       1
       1
       1
       0
       1
       0
       2
       1
       1
       0
       1
       0
       1
       1
       0
       0
       0
       0
       1
       1
       0
       0
       1
       0
       0
       0
       2
       1
       1
       1
       0
       1
       0
       0
       0
       1
       1
       1
       1
       2
       0
       2
       2
       0
       0
       0
       0
       0
       2
       2
       1
       0
       1
       2
       2
       1
       0
       1
       1
       1
       2
       0
       0
       0
       1
       2
       0
       0
       2
       1
       0
       0
       1
       0
       1
       0
       1
       0
       0
       0
       0
       1
       0
       0
       0
       2
       0
       0
       0
       1
       0
       0
       1
       1
       2
       0
       0
       1
       1
       1
       1
       0
       0
       0
       0
       0
       0
       1
       0
       1
       1
       0
       1
       1
       0
       0
       0
       0
       2
       0
       1
       0
       1
       1
       1
       1
       1
       1
       0
       0
       2
       0
       0
       1
       0
       0
       1
       0
       0
       0
       0
       0
       0
       1
       0
       0
       0
       1
       0
       0
       0
       2
       0
       0
       1
       0
       0
       3
       1
       0
       1
       1
       0
       1
       0
       2
       0
       1
       0
       0
       1
       1
       2
       0
       1
       0
       0
       0
       3
       1
       0
       1
       1
       0
       1
       0
       0
       0
       1
       1
       2
       0
       1
       0
       2
       1
       1
       0
       1
       0
       3
       2
       1
       2
       1
       1
       0
       0
       0
       0
       0
       0
       1
       1
       0
       0
       0
       0
       1
       0
       0
       0
       0
       0
       0
       1
       0
       0
       0
       0
       0
       0
       0
       0
       1
       1
       1
       2
       1
       1
       1
       1
       0
       1
       1
       0
       2
       0
       0
       0
       0
       2
       2
       0
       0
       0
       1
       1
       0
       1
       0
       0
       3
       2
       1
       0
       2
       1
       1
       1
       0
       0
       0
       0
       0
       0
       0
       2
       0
       0
       1
       2
       0
       0
       1
       0
       0
       1
       1
       0
       3
       1
       1
       0
       0
       1
       1
       0
       0
       1
       1
       1
       1
       0
       2
       0
       2
       1
       0
       1
       0
       0
       0
       1
       0
       0
       1
       0
       0
       1
       0
       0
       2
       2
       0
       0
       1
       1
       2
       2
       0
       1
       2
       0
       0
       0
       0
       1
       0
       0
       0
       0
       1
       0
       0
       1
       1
       1
       0
       0
       1
       1
       1
       0
       0
       1
       3
       0
       1
       0
       2
       1
       1
       0
       0
       0
       0
       1
       1
       0
       2
       0
       0
       0
       3
       0
       0
       1
       0
       0
       1
       0
       0
       0
       1
       0
       0
       1
       1
       0
       2
       0
       1
       1
       2
       0
       1
       2
       2
       0
       0
       0
       0
       1
       3
       0
       0
       0
       1
       2
       2
       1
       0
       0
       0
       0
       0
       0
       0
       0
       1
       0
       2
       0
       2
       0
       0
       0
       0
       1
       0
       1
       1
       1
       0
       0
       0
       1
       0
       2
       2
       2
       1
       1
       0
       0
       0
       0
       2
       0
       0
       1
       1
       0
       0
       0
       0
       2
       0
       0
       0
       0
       0
       0
       0
       0
       0
       0
       0
       3
       1
       0
       0
       3
       1
       0
       0
       0
       1
       1
       1
       0
       0
       0
       0
       0
       0
       1
       0
       1
       0
       0
       1
       0
       1
       1
       1
       2
       1
       0
       0
       0
       1
       0
       0
       1
       1
       1
       0
       0
       0
       2
       0
       1
       0
       1
       2
       1
       2
       0
       2
       2
       1
       0
       0
       1
       1
       0
       1
       1
       0
       0
       1
       0
       0
       0
       1
       1
       0
       0
       2
       1
       1
       4
       0
       0
       0
       0
       3
       1
       1
       0
       0
       0
       1
       0
       1
       1
       1
       0
       0
       1
       4
       2
       1
       1
       1
       1
       0
       1
       0
       0
       1
       1
       1
       1
       3
       1
       2
       0
       0
       0
       1
       0
       2
       0
       0
       2
       2
       1
       1
       0
       0
       1
       1
       0
       0
       1
       2
       0
       0
       0
       1
       0
       0
       1
       0
       0
       1
       1
       0
       0
       0
       2
       2
       1
       1
       0
       0
       0
       0
       0
       0
       1
       0
       2
       0
       0
       0
       0
       0
       1
       1
       0
       0
       0
       0
       1
       1
       1
       0
       1
       1
       0
       2
       2
       1
       1
       1
       0
       0
       0
       1
       0
       1
       0
       0
       1
       0
       0
       1
       1
       0
       0
       0
       0
       0
       0
       0
       1
       0
       2
       0
       1
       0
       0
       0
       0
       0
       0
       0
       0
       1
       1
       0
       0
       0
       1
       0
       0
       0
       0
       0
       0
       1
       2
       1
       1
       0
       0
       0
       0
       0
       0
       0
       0
       0
       2
       0
       0
       2
       0
       1
       0
       0
       2
       0
       0
       0
       1
       0
       1
       0
       1
       1
       0
       0
       0
       0
       1
       0
       0
       0
       0
       1
       0
       0
       0
       1
       1
       0
       2
       0
       0
       0
       1
       1
       0
       0
       0
       1
       0
       1
       0
       0
       0
       0
       0
       1
       0
       0
       0
       0
       0
       0
       0
       0
       0
       0
       0
       1
       1
       0
       1
       0
       2
       1
       1
       0
       0
       0
       0
       1
       1
       0
       2
       0
       0
       0
       1
       0
       2
       0
       1
       1
       0
       0
       0
       1
       0
       0
       0
       0
       1
       0
       0
       2
       0
       0
       1
       1
       2
       0
       1
       0
       0
       0
       0
       1
       1
       2
       1
       0
       0
       0
       1
       2
       0
       0
       2
       1
       1
       1
       0
       0
       1
       0
       0
       0
       1
       0
       0
       0
       0
       0
       1
       0
       2
       0
       1
       0
       0
       0
       0
       1
       0
       0
       0
       1
       0
       1
       0
       0
       0
       1
       0
       0
       0
       0
       1
       0
       0
       0
       1
       0
       0
       0
       0
       1
       0
       1
       0
       0
       0
       0
       0
       0
       0
       1
       0
       1
       1
       0
       1
       1
       1
       1
       0
       1
       0
       0
       2
       1
       3
       1
       0
       1
       1
       2
       1
       1
       0
       1
       0
       0
       1
       1
       0
       1
       0
       0
       1
       0
       1
       3
       0
       1
       0
       0
       1
       0
       0
       0
       0
       0
       0
       1
       0
       0
       0
       0
       0
       1
       0
       0
       2
       0
       0
       0
       0
       0
       0
       0
       1
       0
       0
       1
       1
       0
       0
       0
       0
       2
       0
       0
       1
       0
       1
       2
       0
       0
       0
       0
       2
       0
       0
       0
       0
       0
       0
       0
       0
       1
       0
       2
       0
       0
       0
       1
       0
       0
       0
       0
       1
       0
       0
       0
       0
       0
       1
       1
       1
       1
       1
       0
       0
       1
       1
       2
       3
       0
       0
       0
       0
       1
       0
       0
       3
       1
       0
       0
       0
       1
       0
       0
       0
       0
       0
       0
       1
       0
       0
       0
       0
       0
       0
       1
       1
       0
       1
       0
       0
       0
       0
       0
       0
       1
       1
       1
       0
       0
       0
       0
       0
       1
       0
       0
       0
       0
       0
       0
       3
       0
       1
       1
       0
       0
       1
       2
       2
       1
       2
       0
       2
       1
       0
       0
       1
       2
       0
       0
       1
       1
       2
       0
       0
       1
       1
       0
       1
       2
       0
       1
       0
       0
       0
       0
       1
       2
       0
       0
       0
       1
       0
       0
       0
       1
       0
       0
       1
       0
       0
       1
       0
       0
       0
       1
       0
       2
       1
       1
       0
       1
       1
       0
       0
       0
       0
       0
       0
       0
       0
       0
       0
       0
       1
       0
       0
       0
       0
       0
       1
       1
       0
       0
       0
       1
       0
       2
       0
       0
       1
       1
       0
       1
       1
       2
       0
       1
       1
       0
       1
       0
       0
       0
       0
       0
       0
       0
       1
       1
       0
       0
       0
       1
       1
       0
       1
       0
       0
       0
       2
       0
       0
       0
       0
       0
       1
       1
       2
       0
       1
       0
       1
       0
       1
       0
       0
       0
       0
       2
       0
       1
       1
       0
       0
       1
       1
       0
       0
       0
       0
       0
       1
       2
       0
       0
       1
       0
       1
       0
       0
       0
       2
       0
       1
       0
       0
       0
       0
       1
       0
       0
       0
       0
       1
       0
       2
       0
       0
       0
       1
       0
       0
       0
       0
       0
       2
       0
       1
       1
       0
       1
       0
       0
       1
       0
       0
       0
       0
       3
       0
       1
       1
       0
       0
       0
       2
       0
       1
       2
       0
       1
       1
       1
       1
       0
       0
       0
       0
       1
       1
       1
       0
       0
       0
       0
       1
       0
       0
       0
       1
       0
       0
       1
       0
       0
       0
       1
       1
       0
       0
       0
       0
       1
       0
       0
       0
       1
       0
       0
       2
       2
       1
       0
       0
       0
       0
       1
       0
       0
       0
       0
       0
       0
       1
       0
       1
       0
       1
       0
       1
       0
       2
       1
       0
       1
       0
       0
       0
       2
       0
       1
       0
       2
       1
       3
       2
       0
       1
       0
       2
       0
       0
       0
       1
       1
       1
       1
       0
       0
       0
       0
       2
       0
       2
       1
       0
       3
       2
       3
       0
       0
       0
       0
       0
       0
       0
       0
       1
       0
       2
       0
       0
       0
       0
       0
       0
       0
       1
       0
       0
       0
       1
       0
       0
       1
       0
       0
       0
       0
       1
       1
       0
       1
       0
       0
       0
       0
       0
       0
       0
       0
       0
       1
       0
       0
       1
       0
       0
       0
       1
       0
       2
       0
       0
       1
       0
       0
       1
       1
       0
       1
       0
       0
       0
       1
       2
       1
       1
       1
       1
       0
       1
       1
       0
       0
       0
       2
       0
       0
       2
       0
       0
       0
       0
       0
       2
       1
       1
       1
       0
       1
       0
       1
       0
       0
       0
       0
       1
       0
       0
       0
       0
       1
       0
       1
       0
       1
       0
       0
       1
       1
       0
       0
       1
       1
       0
       1
       1
       0
       1
       0
       0
       1
       0
       0
       1
       1
       1
       0
       0
       0
       0
       0
       0
       1
       0
       0
       0
       1
       1
       0
       1
       2
       1
       0
       0
       1
       1
       0
       0
       0
       1
       0
       0
       0
       0
       0
       0
       0
       0
       1
       0
       1
       0
       0
       1
       0
       0
       1
       0
       2
       0
       1
       0
       0
       2
       1
       0
       0
       2
       0
       0
       1
       0
       0
       0
       0
       0
       0
       2
       0
       0
       0
       2
       1
       0
       1
       1
       0
       0
       0
       0
       0
       1
       0
       0
       0
       1
       0
       0
       0
       0
       0
       0
       0
       0
       2
       0
       0
       1
       0
       1
       0
       3
       0
       2
       1
       1
       0
       0
       0
       0
       0
       0
       0
       0
       1
       0
       1
       2
       1
       1
       0
       1
       0
       2
       1
       0
       0
       1
       1
       0
       0
       1
       0
       1
       1
       0
       2
       1
       0
       1
       0
       1
       0
       0
       1
       0
       5
       0
       0
       0
       1
       0
       0
       0
       0
       0
       0
       2
       1
       1
       0
       0
       1
       0
       0
       1
       0
       0
       1
       0
       0
       0
       0
       0
       1
       2
       0
       0
       1
       3
       0
       1
       1
       2
       0
       0
       0
       1
       0
       0
       0
       0
       0
       0
       0
       0
       0
       1
       0
       0
       1
       2
       1
       1
       2
       0
       0
       1
       0
       1
       1
       0
       0
       0
       1
       1
       2
       0
       0
       0
       0
       0
       0
       1
       0
       1
       1
       0
       0
       0
       0
       0
       0
       0
       0
       0
       0
       2
       0
       2
       1
       3
       0
       1
       2
       0
       0
       1
       0
       1
       2
       2
       1
       0
       1
       0
       0
       0
       0
       0
       1
       0
       0
       0
       0
       1
       1
       0
       0
       0
       2
       0
       2
       2
       2
       0
       1
       0
       1
       1
       0
       0
       0
       0
       1
       1
       0
       0
       0
       0
       0
       1
       1
       0
       1
       0
       0
       0
       0
       1
       1
       0
       0
       0
       2
       0
       0
       0
       0
       0
       0
       2
       0
       0
       0
       0
       0
       2
       0
       0
       2
       0
       1
       0
       2
       1
       1
       0
       0
       1
       0
       1
       1
       0
       1
       1
       0
       1
       0
       2
       0
       1
       0
       0
       0
       0
       0
       0
       1
       1
       1
       0
       0
       0
       0
       0
       0
       1
       0
       1
       2
       0
       0
       0
       0
       0
       2
       1
       0
       0
       0
       1
       0
       2
       2
       0
       0
       0
       0
       0
       0
       0
       0
       0
       0
       2
       0
       1
       2
       0
       2
       0
       0
       1
       0
       0
       1
       0
       0
       0
       0
       0
       0
       0
       1
       0
       0
       0
       1
       0
       0
       1
       0
       1
       0
       3
       0
       0
       0
       1
       0
       1
       1
       1
       0
       1
       0
       0
       0
       0
       0
       0
       1
       1
       2
       0
       1
       0
       2
       1
       0
       0
       0
       1
       0
       0
       1
       1
       2
       1
       0
       1
       1
       0
       0
       2
       0
       1
       1
       0
       0
       1
       1
       1
       0
       0
       0
       0
       0
       0
       0
       0
       0
       0
       0
       0
       1
       0
       0
       1
       0
       0
       0
       0
       0
       0
       0
       0
       0
       0
       1
       0
       0
       2
       0
       0
       1
       0
       1
       0
       2
       0
       0
       1
       0
       0
       2
       0
       0
       1
       0
       0
       0
       0
       1
       0
       0
       0
       0
       0
       1
       0
       1
       2
       1
       0
       0
       1
       0
       0
       0
       0
       0
       0
       0
       0
       1
       0
       0
       0
       0
       1
       0
       0
       0
       1
       0
       1
       2
       0
       0
       0
       0
       0
       1
       0
       0
       1
       0
       0
       0
       0
       0
       0
       0
       0
       1
       0
       0
       0
       0
       0
       0
       1
       0
       0
       0
       0
       0
       0
       0
       0
       0
       0
       0
       0
       0
       0
       0
       0
       0
       1
       0
       0
       1
       0
       0
       0
       0
       0
       0
       0
       0
       0
       0
       0
       0
       0
       1
       0
       0
       0
       0
       0
       1
       0
       0
       0
       0
       0
       0
       0
       0
       0
       0
       0
       0
       0
       0
       0
       0
       0
       1
       0
       0
       0
       0
       0
       0
       0
       0
       0
       0
       0
       0
       0
       0
       0
       0
       0
       0
       0
       0
       0
       0
       0
       0
       0
       0
       0
       0
       0
       0
       0
       0
       0
       0
       0
       0
       0
       0
       0
       0
       0
       0
       0
       0
       0
       0
       0
       0
       0
       0
       0
       0
       0
       0
       0
       0
       0
       0
       0
       0
       0
       0
       0
       0
       0
       0
       0
       0
       0
       0
       0
       0
       0
       0
       0
       0
       0
       0
       0
       0
       0
       0
       0
       0
       0
       0
       0
       0
       0
       0
       0
       0
       0
       0
       0
       0
       0
       0
       0
       0
       0
       0
       0
       0
       0
       0
       0
       0
       0
       0
       0
       0
       0
       0
       0
       0
       0
       0
       0
       0
       0
       0
       0
       0
       0
       0
       0
       0
       0
       0
       0
       0
       0
       0
       0
       0
       0
       0
       0
       0
       0
       0
       0
       0
       0
       0
       0
       0
       0
       0
       0
       0
       0
       0
       0
       0
       0
       0
       0
       0
       0
       0
       0
       0
       0
       0
       0
       0
       0
       0
       0
       0
       0
       0
       0
       0
       0
       0
       0
       0
       0
       0
       0
       0
       0
       0
       0
       0
       0
       0
       0
       0
       0
       0
       0
       0
       0
       0
       0
       0
       0
       0
       0
       0
       0
       0
       0
       0
       0
       0
       0
       0
       0
       0
       0
       0
       0
       0
       0
       0
       0
       0
       0
       0
       0
       0
       0
       0
       0
       0
       0
       0
       0
       0
       0
       0
       0
       0
       0
       0
       0
       0
       0
       0
       0
       0
       0
       0
       0
       0
       0
       0
       0
       0
       0
       0
       0
       0
       0
       0
       0
       0
       0
       0
       0
       0
       0
       0
       0
       0
       0
       0
       0
       0
       0
       0
       0
       0
       0
       0
       0
       0
       0
       0
       0
       0
       0
       0
       0
       0
       0
       0
       0
       0
       0
       0
       0
       0
       0
       0
       0
       0
       0
       0
       0
       0
       0
       0
       0
       0
       0
       0
       0
       0
       0
       0
       0
       0
       0
       0
       0
       0
       0
       0
       0
       0
       0
       0
       0
       0
       0
       0
       0
       0
       0
       0
       0
       0
       0
       0
       0
       0
       0
       0
       0
       0
       0
       0
       0
       0
       0
       0
       0
       0
       0
       0
       0
       0
       0
       0
       0
       0
       0
       0
       0
       0
       0
       0
       0
       0
       0
       0
       0
       0
       0
       0
       0
       0
       0
       0
       0
       0
       0
       0
       0
       0
       0
       0
       0
       0
       0
       0
       0
       0
       0
       0
       0
       0
       0
       0
       0
       0
       0
       0
       0
       0
       0
       0
       0
       0
       0
       0
       0
       0
       0
       0
       0
       0
       0
       0
       0
       0
       0
       0
       0
       0
       0
       0
       0
       0
       0
       0
       0
       0
       0
       0
       0
       0
       0
       0
       0
       0
       0
       0
       0
       0
       0
       0
       0
       0
       0
       0
       0
       0
       0
       0
       0
       0
       0
       0
       0
       0
       0
       0
       0
       0
       0
       0
       0
       0
       0
       0
       0
       0
       0
       0
       0
       0
       0
       0
       0
       0
       0
       0
       0
       0
       0
       0
       0
       0
       0
       0
       0
       0
       0
       0
       0
       0
       0
       0
       0
       0
       0
       0
       0
       0
       0
       0
       0
       0
       0
       0
       0
       0
       0
       0
       0
       0
       0
       0
       0
       0
       0
       0
       0
       0
       0
       0
       0
       0
       0
       0
       0
       0
       0
       0
       0
       0
       0
       0
       0
       0
       0
       0
       0
       0
       0
       0
       0
       0
       0
       0
       0
       0
       0
       0
       0
       0
       0
       0
       0
       0
       0
       0
       0
       0
       0
       0
       0
       0
       0
       0
       0
       0
       0
       0
       0
       0
       0
       0
       0
       0
       0
       0
       0
       0
       0
       0
       0
       0
       0
       0
       0
       0
       0
       0
       0
       0
       0
       0
       0
       0
       0
       0
       0
       0
       0
       0
       0
       0
       0
       0
       0
       0
       0
       0
       0
       0
       0
       0
       0
       0
       0
       0
       0
       0
       0
       0
       0
       0
       0
       0
       0
       0
       0
       0
       0
       0
       0
       0
       0
       0
       0
       0
       0
       0
       0
       0
       0
       0
       0
       0
       0
       0
       0
       0
       0
       0
       0
       0
       0
       0
       0
       0
       0
       0
       0
       0
       0
       0
       0
       0
       0
       0
       0
       0
       0
       0
       0
       0
       0
       0
       0
       0
       0
       0
       0
       0
       0
       0
       0
       0
       0
       0
       0
       0
       0
       0
       0
       0
       0
       0
       0
       0
       0
       0
       0
       0
       0
       0
       0
       0
       0
       0
       0
       0
       0
       0
       0
       0
       0
       0
       0
       0
       0
       0
       0
       0
       0
       0
       0
       0
       0
       0
       0
       0
       0
       0
       0
       0
       0
       0
       0
       0
       0
       0
       0
       0
       0
       0
       0
       0
       0
       0
       0
       0
       0
       0
       0
       0
       0
       0
       0
       0
       0
       0
       0
       0
       0
       0
       0
       0
       0
       0
       0
       0
       0
       0
       0
       0
       0
       0
       0
       1
       0
       0
       0
       0
       0
       0
       0
       0
       0
       0
       0
       0
       0
       0
       0
       0
       0
       0
       0
       0
       0
       0
       0
       0
       0
       0
       0
       0
       0
       0
       0
       0
       0
       0
       0
       0
       0
       0
       0
       0
       0
       0
       0
       0
       0
       0
       0
       0
       0
       0
       0
       0
       0
       0
       0
       0
       0
       0
       0
       0
       0
       0
       0
       0
       0
       0
       0
       0
       0
       0
       0
       0
       0
       0
       0
       0
       0
       0
       0
       0
       0
       0
       0
       0
       0
       0
       0
       0
       0
       0
       0
       0
       0
       0
       0
       0
       0
       0
       0
       0
       0
       0
       0
       0
       0
       0
       0
       0
       0
       0
       0
       0
       0
       0
       0
       0
       0
       0
       0
       0
       0
       0
       0
       0
       0
       0
       0
       0
       0
       0
       0
       0
       0
       0
       0
       0
       0
       0
       0
       0
       0
       0
       0
       0
       0
       0
       0
       0
       0
       0
       0
       0
       0
       0
       0
       0
       0
       0
       0
       0
       0
       0
       0
       0
       0
       0
       0
       0
       0
       0
       0
       0
       0
       0
       0
       0
       0
       0
       0
       0
       0
       0
       0
       0
       0
       0
       0
       0
       0
       0
       0
       0
       0
       0
       0
       0
       0
       0
       0
       0
       0
       0
       0
       0
       0
       0
       0
       0
       0
       0
       0
       0
       0
       0
       0
       0
       0
       0
       0
       0
       0
       0
       0
       0
       0
       0
       0
       0
       0
       0
       0
       0
       0
       0
       0
       0
       0
       0
       0
       0
       0
       0
       0
       0
       0
       0
       0
       0
       0
       0
       0
       0
       0
       0
       0
       0
       0
       0
       0
       0
       0
       0
       0
       0
       0
       0
       0
       0
       0
       0
       0
       0
       0
       0
       0
       0
       0
       0
       0
       0
       0
       0
       0
       0
       0
       0
       0
       0
       0
       0
       0
       0
       0
       0
       0
       0
       0
       0
       0
       0
       0
       0
       0
       0
       0
       0
       0
       0
       0
       0
       0
       0
       0
       0
       0
       0
       0
       0
       0
       0
       0
       0
       0
       0
       0
       0
       0
       0
       0
       0
       0
       0
       0
       0
       0
       0
       0
       0
       0
       0
       0
       0
       0
       0
       0
       0
       0
       0
       0
       0
       0
       0
       0
       0
       0
       0
       0
       0
       0
       0
       0
       0
       0
       0
       0
       0
       0
       0
       0
       0
       0
       0
       0
       0
       0
       0
       0
       0
       0
       0
       0
       0
       0
       0
       0
       0
       0
       0
       0
       0
       0
       0
       0
       0
       0
       0
       0
       0
       0
       0
       0
       0
       0
       0
       0
       0
       0
       0
       0
       0
       0
       0
       0
       0
       0
       0
       0
       0
       0
       0
       0
       0
       0
       0
       0
       0
       0
       0
       0
       0
       0
       0
       0
       0
       0
       0
       0
       0
       0
       0
       0
       0
       0
       0
       0
       0
       0
       0
       0
       0
       0
       0
       0
       0
       0
       0
       0
       0
       0
       0
       0
       0
       0
       0
       0
       0
       0
       0
       0
       0
       0
       0
       0
       0
       0
       0
       0
       0
       0
       0
       0
       0
       0
       0
       0
       0
       0
       0
       0
       0
       0
       0
       0
       0
       0
       0
       0
       0
       0
       0
       0
       0
       0
       0
       0
       0
       0
       0
       0
       0
       0
       0
       0
       0
       0
       0
       0
       0
       0
       0
       0
       0
       0
       0
       0
       0
       0
       0
       0
       0
       0
       0
       0
       0
       0
       0
       0
       0
       0
       0
       0
       0
       0
       0
       0
       0
       0
       0
       0
       0
       0
       0
       0
       0
       0
       0
       0
       0
       0
       0
       0
       0
       0
       0
       0
       0
       0
       0
       0
       0
       0
       0
       0
       0
       0
       0
       0
       0
       0
       0
       0
       0
       0
       0
       0
       0
       0
       0
       0
       0
       0
       0
       0
       0
       0
       0
       0
       0
       0
       0
       0
       0
       0
       0
       0
       0
       0
       0
       0
       0
       0
       0
       0
       0
       0
       0
       0
       0
       0
       0
       0
       0
       0
       0
       0
       0
       0
       0
       0
       0
       0
       0
       0
       0
       0
       0
       0
       0
       0
       0
       0
       0
       0
       0
       0
       0
       0
       0
       0
       0
       0
       0
       0
       0
       0
       0
       0
       0
       0
       0
       0
       0
       0
       0
       0
       0
       0
       0
       0
       0
       0
       0
       0
       0
       0
       0
       0
       0
       0
       0
       0
       0
       0
       0
       0
       0
       0
       0
       0
       0
       0
       0
       0
       0
       0
       0
       0
       0
       0
       0
       0
       0
       0
       0
       0
       0
       0
       0
       0
       0
       0
       0
       0
       0
       0
       0
       0
       0
       0
       0
       0
       0
       0
       0
       0
       0
       0
       0
       0
       0
       0
       0
       0
       0
       0
       0
       0
       0
       0
       0
       0
       0
       0
       0
       0
       0
       0
       0
       0
       0
       0
       0
       0
       0
       0
       0
       0
       0
       0
       0
       0
       0
       0
       0
       0
       0
       0
       0
       0
       0
       0
       0
       0
       0
       0
       0
       0
       0
       0
       0
       0
       0
       0
       0
       0
       0
       0
       0
       0
       0
       0
       0
       0
       0
       0
       0
       0
       0
       0
       0
       0
       0
       0
       0
       0
       0
       0
       0
       0
       0
       0
       0
       0
       0
       0
       0
       0
       0
       0
       0
       0
       0
       0
       0
       0
       0
       0
       0
       0
       0
       0
       0
       0
       0
       0
       0
       0
       0
       0
       0
       0
       0
       1
       0
       0
       0
       0
       0
       0
       0
       0
       0
       0
       0
       0
       0
       0
       0
       0
       0
       0
       0
       0
       0
       0
       0
       0
       0
       0
       0
       0
       0
       0
       0
       0
       0
       0
       0
       0
       0
       0
       0
       0
       0
       0
       0
       0
       0
       0
       0
       0
       0
       0
       0
       0
       0
       0
       0
       0
       0
       0
       0
       0
       0
       0
       0
       0
       0
       0
       0
       0
       0
       0
       0
       0
       0
       0
       0
       0
       0
       0
       0
       0
       0
       0
       0
       0
       0
       0
       0
       0
       0
       0
       0
       0
       0
       0
       0
       0
       0
       0
       0
       0
       0
       0
       0
       0
       0
       0
       0
       0
       0
       0
       0
       0
       0
       0
       0
       0
       0
       0
       0
       0
       0
       0
       0
       0
       0
       0
       0
       0
       0
       0
       0
       0
       0
       0
       0
       0
       0
       0
       0
       0
       0
       0
       0
       0
       0
       0
       0
       0
       0
       0
       0
       0
       0
       0
       0
       0
       0
       0
       0
       0
       0
       0
       0
       0
       0
       0
       0
       0
       0
       0
       0
       0
       0
       0
       0
       0
       0
       0
       0
       0
       0
       0
       0
       0
       0
       0
       0
       0
       0
       0
       0
       0
       0
       0
       0
       0
       0
       0
       0
       0
       0
       0
       0
       0
       0
       0
       0
       0
       0
       0
       0
       0
       0
       0
       0
       0
       0
       0
       0
       0
       0
       0
       0
       0
       0
       0
       0
       0
       0
       0
       0
       0
       0
       0
       0
       0
       0
       0
       0
       0
       0
       0
       0
       0
       0
       0
       0
       0
       0
       0
       0
       0
       0
       0
       0
       0
       0
       0
       0
       0
       0
       0
       0
       0
       0
       0
       0
       0
       0
       0
       0
       0
       0
       0
       0
       0
       0
       0
       0
       0
       0
       0
       0
       0
       0
       0
       0
       0
       0
       0
       0
       0
       0
       0
       0
       0
       0
       0
       0
       0
       0
       0
       0
       0
       0
       0
       0
       0
       0
       0
       0
       0
       0
       0
       0
       0
       0
       0
       0
       0
       0
       0
       0
       0
       0
       0
       0
       0
       0
       0
       0
       0
       0
       0
       0
       0
       0
       0
       0
       0
       0
       0
       0
       0
       0
       0
       0
       0
       0
       0
       0
       0
       0
       0
       0
       0
       0
       0
       0
       0
       0
       0
       0
       0
       0
       0
       0
       0
       0
       0
       0
       0
       0
       0
       0
       0
       0
       0
       0
       0
       0
       0
       0
       0
       0
       0
       0
       0
       0
       0
       0
       0
       0
       0
       0
       0
       0
       0
       0
       0
       0
       0
       0
       0
       0
       0
       0
       0
       0
       0
       0
       0
       0
       0
       0
       0
       0
       0
       0
       0
       0
       0
       0
       0
       0
       0
       0
       0
       0
       0
       0
       0
       0
       0
       0
       0
       0
       0
       0
       0
       0
       0
       0
       0
       0
       0
       0
       0
       0
       0
       0
       0
       0
       0
       0
$ROI:
0
$PRESETS:
None
0
0
$ENER_FIT:
0.000000 0.000000
$MCA_CAL:
3
0.000000E+000 0.000000E+000 0.000000E+000 
$SHAPE_CAL:
3
0.000000E+000 0.000000E+000 0.000000E+000
