$SPEC_ID:
No sample description was entered.
$SPEC_REM:
DET# 1
DETDESC# ELIMED2-PC Easy-MCA-8k SN 19133189
AP# Maestro Version 7.01
$DATE_MEA:
12/16/2019 19:28:44
$MEAS_TIM:
1088 1089
$DATA:
0 8191
       0
       0
       0
       0
       0
       0
       0
       0
       0
       0
       0
       0
       0
       0
       0
       0
       0
       0
       0
       0
       0
       0
       0
       0
       1
       3
       7
      21
      48
     133
     436
    1103
    1775
    1113
     810
     731
     672
     597
     532
     493
     418
     416
     357
     347
     299
     240
     267
     231
     206
     162
     142
     128
     107
      91
      89
      81
      94
      81
      80
      72
      80
      71
      84
      66
      75
      75
      81
      71
      55
      73
      62
      66
      76
      60
      51
      49
      64
      72
      74
      63
      72
      59
      63
      70
      51
      55
      50
      64
      55
      53
      63
      64
      39
      55
      45
      52
      54
      57
      56
      74
      54
      58
      48
      49
      53
      44
      50
      61
      62
      51
      56
      40
      44
      49
      46
      40
      40
      44
      53
      51
      43
      49
      43
      45
      37
      37
      49
      40
      57
      47
      40
      43
      44
      43
      35
      37
      48
      43
      34
      43
      49
      40
      45
      33
      41
      52
      33
      41
      46
      36
      35
      49
      30
      36
      28
      51
      53
      20
      37
      46
      45
      41
      38
      42
      41
      36
      34
      36
      32
      43
      36
      34
      39
      36
      27
      41
      41
      31
      43
      48
      40
      38
      47
      35
      33
      46
      30
      36
      39
      42
      46
      24
      32
      32
      38
      45
      34
      36
      39
      44
      41
      38
      35
      31
      28
      39
      27
      27
      40
      35
      38
      38
      26
      30
      36
      42
      29
      35
      36
      34
      45
      28
      39
      29
      31
      34
      39
      30
      37
      39
      28
      27
      32
      29
      35
      31
      32
      38
      36
      48
      39
      39
      35
      46
      35
      35
      34
      37
      50
      34
      38
      31
      35
      42
      34
      39
      43
      36
      40
      37
      33
      40
      31
      37
      35
      31
      34
      39
      38
      39
      33
      39
      40
      38
      29
      34
      22
      33
      33
      31
      29
      33
      39
      36
      47
      35
      43
      31
      45
      43
      28
      35
      36
      23
      40
      43
      43
      38
      39
      36
      37
      30
      45
      35
      29
      37
      32
      37
      40
      29
      49
      49
      41
      40
      32
      45
      36
      25
      40
      34
      36
      40
      38
      43
      36
      39
      43
      34
      45
      47
      38
      41
      40
      44
      41
      33
      35
      39
      44
      40
      32
      40
      39
      42
      41
      40
      37
      45
      45
      33
      36
      37
      40
      38
      28
      47
      48
      36
      35
      43
      41
      42
      47
      42
      52
      31
      43
      42
      34
      49
      46
      44
      39
      39
      38
      38
      45
      44
      37
      35
      55
      38
      39
      38
      32
      35
      47
      42
      41
      43
      36
      32
      42
      45
      46
      36
      43
      47
      39
      40
      41
      44
      32
      45
      42
      41
      49
      46
      48
      40
      44
      50
      41
      48
      40
      41
      40
      51
      36
      45
      48
      37
      51
      47
      46
      41
      56
      55
      41
      45
      55
      51
      40
      56
      43
      59
      47
      56
      51
      54
      51
      43
      56
      56
      45
      49
      65
      58
      67
      52
      62
      71
      65
      65
      47
      60
      80
      69
      58
      82
      54
      76
      84
      79
      69
      81
      79
      79
      87
      86
      97
      94
      90
      94
     121
     120
     118
     101
     124
     119
     120
     128
     132
     148
     141
     152
     130
     149
     150
     168
     181
     180
     151
     210
     185
     211
     205
     251
     206
     200
     220
     250
     284
     245
     269
     289
     265
     271
     318
     291
     331
     319
     387
     327
     364
     347
     319
     379
     371
     414
     428
     395
     424
     413
     451
     459
     451
     484
     453
     467
     463
     496
     490
     475
     481
     516
     442
     479
     523
     530
     528
     541
     546
     507
     514
     537
     517
     561
     573
     527
     509
     535
     544
     516
     528
     497
     539
     540
     541
     508
     487
     499
     523
     524
     483
     489
     454
     481
     499
     484
     464
     443
     485
     453
     476
     444
     421
     451
     442
     412
     411
     416
     375
     371
     402
     410
     382
     361
     381
     331
     341
     357
     346
     353
     321
     330
     331
     287
     334
     280
     252
     287
     286
     282
     288
     270
     280
     267
     269
     281
     240
     230
     241
     232
     219
     221
     233
     235
     212
     213
     205
     221
     202
     189
     220
     223
     220
     203
     182
     173
     224
     190
     159
     172
     164
     178
     172
     154
     164
     173
     142
     145
     153
     165
     177
     178
     164
     166
     153
     152
     135
     158
     134
     151
     108
     141
     146
     132
     141
     133
     130
     140
     136
     113
     130
     118
     146
     133
     133
     110
     126
     131
     122
     127
     131
     113
     115
     144
     127
     109
     121
     129
      96
     130
     104
     117
     121
     114
     110
     114
     110
     117
      99
     113
     109
      94
     100
      98
      94
      96
     100
     100
      95
      97
     104
      90
      72
      90
      97
      87
      95
      83
     108
      74
     104
      89
      94
      91
      89
      83
      82
      82
      84
      83
      67
      82
      69
      82
      95
      79
      75
      88
      77
      74
      94
      85
      78
      61
      77
      81
      83
      95
      78
      66
      65
      70
      68
      81
      94
      80
      69
      63
      68
      67
      53
      73
      95
      63
      67
      69
      65
      58
      62
      71
      64
      57
      63
      62
      79
      65
      78
      56
      64
      60
      56
      62
      76
      68
      59
      68
      60
      71
      75
      49
      61
      57
      58
      52
      57
      72
      63
      64
      60
      48
      64
      58
      53
      65
      55
      55
      40
      52
      57
      54
      57
      42
      52
      54
      55
      47
      60
      50
      54
      46
      53
      46
      61
      52
      55
      40
      37
      48
      55
      51
      46
      47
      46
      48
      32
      39
      43
      44
      39
      55
      41
      55
      38
      44
      40
      45
      41
      40
      45
      48
      34
      47
      47
      46
      40
      59
      46
      41
      51
      32
      48
      34
      38
      42
      51
      43
      42
      36
      31
      46
      32
      45
      54
      35
      50
      42
      41
      43
      35
      42
      31
      38
      33
      50
      45
      43
      50
      38
      35
      38
      31
      36
      36
      43
      37
      28
      40
      44
      31
      38
      46
      29
      24
      29
      35
      38
      35
      41
      28
      35
      36
      40
      45
      30
      37
      28
      29
      32
      32
      50
      29
      33
      41
      23
      36
      32
      33
      29
      30
      34
      37
      33
      27
      35
      23
      46
      30
      34
      33
      35
      26
      30
      37
      25
      24
      30
      29
      26
      25
      23
      44
      40
      30
      23
      31
      37
      28
      29
      18
      31
      27
      28
      24
      43
      34
      23
      32
      32
      23
      37
      27
      28
      32
      24
      31
      20
      20
      24
      37
      19
      30
      28
      30
      30
      23
      22
      21
      31
      19
      19
      27
      29
      23
      19
      28
      20
      22
      27
      24
      16
      19
      15
      14
      24
      32
      21
      24
      16
      17
      23
      25
      23
      27
      23
      24
      20
      35
      15
      16
      20
      17
      25
      20
      31
      20
      21
      19
      18
      15
      20
      15
      20
      11
      23
      28
      20
      15
      22
      15
      16
      16
      19
      28
      20
      21
      21
      16
      22
      14
      17
      28
      24
      22
      16
      20
      18
      30
      17
      18
      18
      23
      17
      16
      17
      17
      20
      23
      25
      19
      19
      14
      14
      22
      19
      13
      14
      26
      23
      20
      20
      14
      22
      20
      20
      14
      15
      21
      20
      16
      18
      22
      19
      17
      17
       6
      16
      19
      17
      14
      18
      19
      21
      19
      19
      11
      15
      13
      20
      18
      18
      15
      24
      15
      16
      17
       9
      14
      14
      12
      20
      21
      17
      13
      21
      23
      14
      13
      12
      12
      14
      16
      13
      24
      14
      13
       5
      16
       7
      23
      20
      12
      13
      14
      16
      12
      19
      18
      13
      10
       8
       9
      16
      17
      14
      14
      17
      18
       8
      17
       9
      15
      15
       8
      20
       9
      13
      10
      10
      12
      12
      15
      11
      12
      12
      15
      20
      12
      18
      14
      13
      10
       9
      14
      16
      10
      11
      14
      10
      12
      13
       9
      16
      11
      14
       8
      11
      12
      18
       6
      12
      11
      11
      18
      12
      12
      12
      10
       4
      12
      12
       7
       9
      13
       5
      14
      11
      16
       9
       8
       8
       9
       9
      12
      12
       8
       7
       6
       8
       7
      11
      10
      12
       9
       9
      16
      14
       6
       8
      21
       9
       7
      12
       9
      13
      14
      11
       6
       7
       9
      13
       9
      12
      17
       7
      12
      10
      13
       9
      10
       7
      11
      12
       6
       6
       8
      14
       8
      11
       8
      11
       8
       7
       8
       9
      12
      12
       3
      13
      13
       9
       5
      12
       9
      13
       9
      10
      14
       8
      12
       9
       6
       5
      11
      13
       6
       9
       8
      10
       4
       7
       7
       8
       6
       6
      10
       8
       8
      11
       9
      11
       9
       9
       5
       8
       7
       8
       7
       8
      10
      11
       5
       4
       8
      11
       8
      18
      13
       9
       4
       7
      11
      14
      13
       7
       4
       6
      20
      12
       7
       6
      10
      10
      10
      13
       9
       9
      10
       6
       7
       4
      10
       6
      12
       8
      11
      11
       4
      11
       3
       5
       7
       3
       8
       6
      11
       7
       6
      11
       9
       9
       9
       8
       8
      11
       5
      16
       6
       7
      13
       7
      10
       6
       8
       8
       8
       9
       6
       4
       3
       7
       6
       7
       5
       7
       7
       5
       7
       4
       6
       5
       5
       5
       8
       4
       3
       3
       7
       4
       8
      11
       8
       5
      10
       9
       3
      13
       6
       6
      10
       5
       8
       6
       7
       3
       5
       9
       8
       8
       7
      10
       4
       4
      11
       6
      10
       8
       8
       7
       6
       4
       6
      11
      10
       5
       8
       3
       9
       6
      11
       5
       9
       4
       6
       3
      13
       4
       7
       4
       5
       3
       8
       6
       4
       3
      10
       8
       4
      12
       8
       7
       8
       6
       5
       4
       2
       7
       8
       7
       7
      11
       7
       7
       9
       4
       7
       5
      10
       5
       7
       7
       7
       6
       3
       1
      12
       6
       5
       3
       7
       7
       5
      10
      12
       6
      10
       8
       9
       4
       4
       7
       1
       7
       3
       4
      10
       6
       2
       6
       5
       4
       2
       8
       5
       8
       9
       4
       4
       4
       4
       9
       3
       6
       4
       6
       7
       4
       7
       8
       6
       4
       7
       9
       4
       6
       6
       2
       4
       5
       5
       8
       7
       4
       3
       7
       5
       2
       4
       6
       5
       5
       4
       4
       7
       5
       7
       9
       4
       3
       3
       7
       6
       3
       4
       5
       5
       2
       7
       2
       1
       6
       2
       3
       6
       4
       6
       3
       6
       4
       2
       6
       6
       5
       5
       8
       5
       3
       6
      10
       2
       3
       6
       6
       4
      10
       9
       8
       6
       4
       1
       4
       5
       1
       3
       2
       3
       6
       6
       5
       5
       5
       4
       3
       5
       3
       5
       2
       4
       4
       2
       4
       5
       6
       4
       4
       5
       2
       2
       3
       7
       8
       4
       3
       6
       3
       1
       4
       4
       8
       4
       5
       7
       1
       8
       8
       2
       3
       4
       1
       4
       5
       1
       8
       1
       6
       3
       4
       5
       7
       4
       5
       6
       3
       3
       4
       3
       0
       6
       8
       7
       5
       3
       6
       4
       6
       2
       2
       4
       2
       4
       3
       2
       7
       4
       6
       6
       2
       5
       5
       6
       4
       4
       3
       1
       3
       3
       5
       5
       5
       3
       3
       3
       5
       2
       5
       3
       6
       3
       4
       4
       8
       5
       5
       3
       2
       4
       1
       2
       2
       4
       2
       4
       5
       1
       5
       0
       2
       5
       4
       1
       1
       6
       2
       4
       8
       3
       6
       1
       2
       2
       5
       6
       4
       2
       1
       5
       5
       2
       5
       3
       2
       3
       3
       1
       6
       4
       3
       1
       2
       5
       5
       7
       4
       0
       5
       3
       4
       5
       0
       2
       2
       2
       3
       2
       6
       4
       5
       3
       4
       3
       2
       2
       3
       3
       2
       4
       2
       2
       1
       5
       1
       1
       5
       3
       4
       5
       4
       1
       4
       2
       5
       4
       1
       4
       3
       2
       3
       3
       3
       3
       1
       3
       5
       1
       3
       4
       3
       7
       3
       1
       2
       4
       3
       4
       0
       4
       3
       0
       2
       3
       3
       4
       2
       3
       3
       4
       1
       1
       5
       4
       4
       2
       3
       7
       3
       4
       3
       2
       2
       4
       0
       0
       2
       4
       3
       1
       4
       4
       0
       1
       2
       1
       2
       3
       0
       2
       2
       4
       4
       0
       3
       4
       2
       2
       2
       4
       4
       4
       3
       2
       2
       2
       0
       3
       4
       2
       2
       3
       4
       3
       2
       3
       4
       2
       1
       3
       4
       2
       3
       4
       4
       4
       3
       0
       2
       0
       2
       2
       2
       2
       4
       3
       2
       2
       1
       2
       3
       3
       5
       0
       2
       2
       2
       3
       2
       4
       0
       2
       1
       3
       2
       3
       2
       2
       1
       3
       7
       3
       2
       2
       2
       3
       1
       1
       2
       2
       1
       1
       1
       2
       0
       3
       2
       1
       5
       0
       0
       0
       2
       8
       2
       3
       2
       3
       1
       3
       3
       3
       2
       2
       3
       1
       5
       5
       4
       1
       1
       2
       6
       1
       0
       3
       4
       1
       2
       2
       2
       1
       4
       5
       3
       5
       4
       0
       3
       2
       3
       6
       2
       3
       1
       3
       0
       1
       1
       0
       2
       1
       3
       2
       1
       4
       1
       6
       4
       3
       2
       1
       2
       2
       2
       0
       0
       0
       2
       1
       0
       0
       2
       2
       2
       1
       3
       3
       3
       2
       1
       0
       3
       2
       1
       4
       1
       4
       1
       1
       3
       3
       2
       3
       3
       2
       1
       5
       1
       0
       1
       3
       1
       2
       1
       2
       2
       2
       2
       5
       1
       3
       3
       2
       3
       3
       2
       2
       2
       1
       3
       2
       1
       0
       4
       1
       3
       2
       0
       2
       1
       2
       2
       4
       3
       2
       1
       1
       1
       2
       3
       4
       2
       2
       2
       2
       4
       0
       4
       4
       4
       2
       5
       0
       0
       4
       3
       0
       0
       1
       2
       1
       1
       4
       4
       2
       2
       3
       2
       3
       1
       3
       0
       3
       2
       3
       3
       2
       3
       1
       1
       1
       2
       1
       3
       1
       4
       0
       0
       1
       3
       2
       0
       2
       0
       1
       2
       3
       7
       0
       1
       4
       1
       1
       1
       0
       1
       2
       2
       2
       0
       6
       3
       2
       0
       3
       1
       4
       2
       3
       0
       0
       0
       4
       3
       1
       0
       5
       3
       3
       5
       2
       1
       1
       1
       5
       1
       1
       1
       2
       1
       0
       4
       2
       2
       1
       1
       0
       0
       4
       3
       2
       0
       7
       3
       2
       2
       0
       0
       5
       1
       2
       2
       0
       1
       1
       3
       1
       1
       1
       2
       0
       3
       2
       0
       2
       0
       3
       5
       2
       1
       1
       4
       3
       0
       1
       5
       0
       1
       1
       0
       1
       1
       0
       1
       2
       2
       2
       0
       1
       6
       0
       1
       1
       2
       0
       3
       1
       2
       3
       4
       1
       1
       0
       2
       2
       2
       2
       2
       3
       1
       3
       2
       4
       2
       2
       1
       2
       0
       0
       2
       1
       1
       0
       5
       2
       0
       0
       1
       4
       2
       2
       0
       2
       0
       3
       1
       4
       2
       1
       3
       0
       0
       2
       2
       3
       1
       2
       1
       1
       2
       0
       0
       0
       3
       0
       1
       1
       3
       1
       1
       1
       0
       0
       3
       2
       3
       1
       1
       3
       0
       1
       0
       2
       1
       1
       3
       2
       0
       0
       3
       1
       1
       4
       2
       0
       3
       1
       3
       0
       1
       1
       0
       0
       1
       1
       0
       3
       1
       3
       3
       3
       1
       1
       2
       1
       4
       2
       2
       0
       3
       1
       1
       3
       1
       4
       2
       3
       4
       2
       0
       1
       2
       2
       1
       0
       2
       1
       1
       0
       2
       0
       0
       1
       0
       0
       1
       2
       1
       2
       0
       1
       2
       1
       1
       0
       1
       1
       0
       0
       0
       1
       1
       1
       0
       1
       2
       2
       1
       1
       3
       0
       2
       0
       2
       1
       1
       1
       1
       0
       1
       1
       1
       0
       1
       1
       1
       3
       0
       2
       2
       0
       0
       0
       1
       0
       1
       1
       1
       0
       2
       0
       2
       2
       0
       0
       0
       1
       2
       2
       1
       2
       0
       1
       0
       3
       2
       1
       1
       0
       1
       1
       2
       1
       0
       0
       3
       1
       3
       0
       1
       0
       2
       0
       2
       0
       1
       0
       1
       1
       0
       2
       0
       0
       0
       0
       1
       1
       0
       1
       1
       0
       1
       0
       5
       2
       0
       1
       1
       5
       0
       1
       1
       1
       1
       0
       0
       1
       1
       0
       0
       3
       1
       0
       0
       6
       1
       2
       0
       0
       1
       0
       0
       1
       0
       0
       0
       0
       1
       0
       1
       3
       2
       1
       3
       0
       1
       0
       1
       2
       1
       1
       2
       0
       1
       0
       2
       1
       0
       0
       0
       0
       1
       0
       1
       0
       0
       0
       0
       0
       1
       1
       2
       2
       0
       1
       0
       1
       1
       0
       3
       0
       0
       0
       0
       1
       0
       0
       1
       0
       3
       2
       4
       1
       2
       1
       2
       1
       1
       0
       0
       1
       2
       0
       0
       0
       1
       0
       0
       0
       2
       0
       0
       1
       1
       2
       1
       2
       0
       1
       2
       1
       0
       0
       0
       0
       1
       0
       1
       1
       0
       1
       1
       0
       1
       1
       0
       0
       0
       0
       0
       0
       1
       1
       2
       3
       1
       2
       1
       0
       1
       1
       2
       1
       2
       0
       0
       0
       3
       0
       1
       0
       1
       3
       0
       0
       1
       2
       1
       0
       1
       1
       1
       2
       0
       2
       1
       1
       0
       1
       3
       1
       0
       0
       0
       1
       1
       1
       0
       1
       1
       1
       2
       3
       1
       1
       2
       2
       1
       1
       2
       0
       0
       4
       2
       0
       0
       3
       1
       0
       2
       1
       2
       0
       0
       1
       1
       0
       1
       0
       2
       1
       0
       1
       2
       1
       1
       1
       1
       1
       1
       1
       1
       1
       1
       2
       1
       2
       1
       1
       1
       3
       2
       0
       0
       0
       0
       1
       1
       2
       0
       0
       1
       0
       3
       0
       0
       0
       1
       0
       1
       0
       0
       1
       0
       1
       0
       1
       1
       0
       1
       2
       4
       3
       2
       0
       0
       0
       0
       0
       1
       0
       0
       2
       1
       0
       0
       1
       0
       0
       1
       0
       0
       0
       0
       0
       0
       0
       0
       1
       1
       0
       1
       2
       1
       0
       0
       1
       0
       3
       0
       1
       0
       0
       1
       2
       1
       0
       1
       1
       1
       2
       0
       1
       2
       0
       0
       0
       1
       0
       3
       1
       0
       0
       0
       1
       2
       0
       1
       0
       2
       0
       0
       1
       1
       0
       0
       0
       2
       0
       0
       1
       0
       1
       0
       0
       0
       1
       1
       0
       0
       0
       3
       3
       0
       1
       0
       3
       0
       0
       3
       0
       0
       0
       2
       0
       1
       2
       0
       0
       1
       3
       1
       1
       1
       0
       0
       0
       0
       0
       1
       1
       0
       1
       1
       0
       0
       1
       0
       2
       1
       3
       1
       0
       0
       0
       0
       0
       1
       1
       0
       0
       5
       0
       0
       0
       0
       0
       0
       0
       1
       0
       1
       0
       1
       1
       1
       2
       0
       0
       2
       1
       0
       2
       1
       0
       0
       2
       0
       0
       0
       2
       0
       1
       2
       2
       0
       1
       0
       0
       1
       2
       1
       1
       2
       0
       1
       0
       1
       0
       1
       1
       0
       1
       1
       1
       2
       2
       1
       2
       1
       0
       1
       2
       0
       2
       0
       0
       0
       0
       0
       3
       0
       2
       0
       1
       1
       1
       2
       0
       0
       1
       2
       0
       1
       0
       2
       0
       0
       2
       0
       0
       2
       1
       1
       1
       1
       0
       0
       0
       1
       1
       0
       1
       0
       0
       0
       0
       1
       0
       1
       0
       2
       0
       1
       0
       0
       0
       1
       0
       0
       0
       1
       1
       0
       1
       0
       1
       0
       1
       3
       0
       0
       0
       1
       0
       0
       1
       1
       1
       0
       0
       0
       0
       0
       0
       3
       0
       0
       3
       1
       1
       1
       1
       0
       0
       0
       0
       2
       0
       0
       0
       0
       0
       0
       1
       1
       2
       0
       0
       1
       1
       1
       1
       0
       1
       0
       0
       0
       0
       1
       0
       1
       1
       1
       0
       0
       2
       0
       0
       1
       0
       1
       1
       0
       0
       1
       0
       0
       0
       0
       0
       0
       0
       0
       1
       2
       0
       1
       0
       0
       2
       2
       0
       0
       1
       0
       0
       5
       1
       0
       0
       0
       1
       0
       0
       0
       0
       1
       0
       1
       1
       0
       0
       0
       0
       0
       0
       0
       0
       0
       1
       0
       0
       1
       1
       0
       2
       1
       0
       0
       1
       0
       1
       0
       1
       1
       0
       1
       0
       1
       2
       1
       0
       1
       0
       0
       0
       1
       0
       2
       0
       0
       0
       0
       0
       1
       1
       1
       3
       1
       1
       1
       0
       0
       1
       0
       0
       0
       1
       2
       0
       0
       0
       0
       0
       0
       0
       1
       2
       2
       1
       1
       1
       0
       0
       1
       0
       0
       0
       0
       0
       0
       0
       0
       0
       0
       0
       0
       1
       1
       1
       0
       0
       0
       0
       0
       0
       0
       3
       1
       1
       1
       0
       0
       0
       1
       0
       0
       1
       1
       0
       0
       1
       1
       0
       0
       0
       1
       0
       0
       3
       0
       2
       0
       1
       0
       1
       0
       0
       1
       0
       1
       0
       1
       0
       2
       0
       0
       0
       0
       0
       0
       1
       1
       1
       0
       0
       0
       0
       0
       0
       1
       2
       1
       1
       1
       0
       0
       0
       1
       0
       0
       0
       1
       0
       1
       1
       0
       3
       0
       0
       0
       1
       0
       0
       0
       0
       0
       0
       0
       0
       1
       0
       0
       1
       0
       0
       1
       0
       1
       0
       0
       0
       3
       1
       0
       0
       0
       1
       0
       1
       1
       0
       0
       1
       1
       0
       0
       1
       1
       0
       0
       1
       1
       0
       0
       0
       1
       1
       2
       0
       0
       0
       1
       0
       0
       1
       0
       0
       0
       1
       0
       0
       1
       0
       3
       1
       0
       0
       1
       0
       1
       1
       0
       0
       0
       0
       0
       0
       1
       0
       0
       1
       0
       1
       0
       1
       0
       0
       1
       0
       1
       1
       0
       0
       0
       0
       0
       1
       1
       0
       0
       0
       1
       0
       0
       0
       0
       1
       0
       0
       0
       0
       0
       1
       0
       0
       1
       1
       3
       1
       0
       0
       1
       2
       1
       0
       1
       0
       0
       0
       0
       0
       0
       0
       1
       1
       2
       0
       0
       0
       1
       1
       0
       0
       0
       0
       0
       0
       0
       0
       0
       0
       0
       0
       1
       0
       0
       0
       1
       0
       1
       0
       1
       0
       1
       0
       0
       2
       2
       0
       0
       0
       0
       0
       1
       1
       2
       1
       2
       0
       0
       0
       2
       1
       0
       1
       0
       0
       0
       0
       0
       1
       0
       0
       0
       0
       1
       2
       0
       0
       0
       0
       0
       1
       1
       1
       4
       2
       1
       1
       0
       0
       0
       0
       0
       1
       0
       0
       0
       0
       1
       0
       0
       0
       0
       0
       0
       0
       4
       2
       0
       0
       0
       0
       0
       1
       1
       0
       0
       0
       1
       1
       0
       1
       1
       0
       0
       1
       0
       1
       1
       0
       0
       0
       0
       0
       1
       1
       0
       1
       0
       0
       2
       0
       1
       0
       0
       0
       2
       1
       0
       1
       2
       0
       0
       0
       1
       0
       0
       0
       0
       0
       0
       0
       0
       0
       1
       1
       0
       0
       0
       0
       0
       0
       1
       0
       1
       0
       0
       0
       0
       0
       1
       0
       1
       0
       0
       0
       1
       1
       0
       0
       1
       0
       0
       0
       0
       2
       0
       1
       0
       0
       1
       1
       0
       0
       0
       0
       0
       0
       1
       0
       0
       0
       0
       1
       0
       0
       0
       0
       0
       1
       1
       0
       0
       0
       0
       0
       1
       0
       0
       0
       0
       2
       1
       0
       0
       0
       0
       1
       0
       0
       0
       1
       0
       0
       2
       0
       0
       1
       1
       0
       0
       0
       0
       0
       0
       0
       0
       0
       0
       0
       1
       0
       1
       0
       0
       0
       0
       0
       0
       0
       0
       0
       0
       0
       0
       0
       0
       0
       1
       0
       0
       2
       0
       0
       0
       1
       0
       0
       0
       0
       2
       1
       0
       0
       0
       1
       0
       0
       0
       1
       0
       0
       0
       0
       1
       0
       0
       0
       0
       0
       0
       0
       0
       1
       1
       0
       0
       0
       0
       0
       1
       0
       0
       1
       1
       0
       0
       0
       0
       0
       1
       0
       0
       0
       0
       0
       0
       2
       1
       1
       0
       0
       1
       0
       0
       0
       0
       0
       0
       1
       0
       1
       1
       1
       0
       1
       1
       1
       0
       0
       0
       2
       0
       0
       0
       1
       0
       0
       0
       0
       0
       0
       0
       0
       0
       0
       0
       0
       0
       0
       0
       0
       0
       0
       0
       0
       0
       0
       0
       2
       0
       0
       0
       3
       0
       0
       1
       0
       0
       0
       2
       0
       0
       1
       0
       0
       1
       0
       0
       2
       0
       0
       0
       1
       0
       0
       0
       0
       0
       1
       1
       1
       0
       0
       0
       1
       1
       1
       0
       1
       0
       0
       0
       1
       0
       0
       0
       0
       0
       2
       0
       0
       0
       0
       1
       1
       0
       1
       1
       1
       0
       0
       0
       0
       0
       0
       0
       1
       0
       0
       0
       0
       0
       0
       1
       0
       0
       1
       1
       0
       0
       1
       0
       0
       0
       0
       1
       2
       0
       1
       0
       0
       0
       0
       0
       1
       0
       0
       0
       0
       0
       1
       0
       0
       0
       1
       0
       2
       0
       1
       0
       0
       0
       0
       0
       0
       0
       0
       0
       0
       1
       0
       1
       0
       1
       0
       2
       1
       0
       0
       0
       1
       0
       1
       0
       0
       1
       0
       1
       1
       0
       0
       1
       1
       0
       0
       1
       0
       0
       0
       0
       0
       0
       0
       0
       1
       0
       0
       0
       0
       0
       0
       0
       0
       0
       2
       0
       0
       1
       0
       1
       0
       0
       0
       0
       2
       0
       1
       0
       0
       0
       0
       0
       0
       0
       1
       0
       0
       0
       0
       1
       0
       1
       0
       0
       0
       0
       0
       0
       1
       2
       0
       0
       0
       0
       0
       0
       0
       0
       0
       0
       0
       2
       0
       0
       0
       0
       0
       0
       0
       2
       0
       0
       0
       0
       0
       0
       0
       0
       0
       0
       1
       1
       0
       0
       0
       0
       0
       0
       1
       0
       0
       0
       1
       0
       0
       0
       0
       0
       0
       1
       0
       0
       0
       0
       0
       0
       1
       0
       1
       1
       0
       1
       0
       1
       0
       0
       0
       0
       0
       0
       0
       0
       1
       1
       1
       0
       0
       0
       0
       0
       0
       0
       1
       0
       0
       0
       0
       0
       0
       1
       0
       0
       0
       0
       0
       0
       0
       0
       0
       2
       0
       0
       0
       2
       0
       0
       0
       0
       0
       1
       0
       0
       0
       0
       0
       0
       0
       0
       0
       0
       0
       0
       0
       0
       0
       0
       0
       0
       0
       0
       0
       1
       1
       1
       0
       0
       1
       0
       0
       0
       0
       0
       0
       2
       0
       0
       0
       0
       0
       1
       0
       0
       0
       0
       0
       0
       0
       0
       0
       0
       1
       0
       0
       0
       0
       0
       0
       0
       1
       0
       0
       0
       0
       0
       0
       0
       1
       1
       2
       0
       3
       0
       0
       0
       1
       0
       0
       0
       0
       0
       0
       0
       1
       0
       0
       0
       0
       0
       1
       0
       0
       0
       0
       1
       0
       0
       0
       0
       1
       0
       0
       0
       1
       1
       0
       0
       0
       0
       0
       0
       0
       0
       0
       0
       0
       0
       0
       0
       0
       0
       0
       0
       0
       0
       1
       0
       1
       0
       0
       0
       0
       0
       0
       0
       0
       1
       0
       1
       1
       0
       0
       0
       0
       1
       0
       1
       0
       0
       0
       0
       0
       0
       0
       0
       0
       0
       1
       0
       0
       0
       1
       1
       1
       0
       1
       0
       0
       0
       2
       0
       0
       0
       0
       0
       1
       0
       0
       0
       0
       0
       0
       0
       0
       0
       0
       0
       1
       0
       1
       0
       1
       0
       0
       0
       1
       0
       2
       0
       0
       1
       0
       0
       1
       0
       0
       0
       0
       2
       0
       0
       0
       0
       0
       0
       0
       0
       0
       0
       1
       0
       0
       0
       0
       1
       0
       0
       0
       0
       1
       1
       0
       0
       0
       0
       0
       0
       0
       1
       1
       0
       0
       2
       0
       0
       1
       0
       0
       0
       0
       0
       0
       1
       0
       0
       0
       0
       0
       0
       0
       2
       0
       0
       0
       0
       0
       0
       0
       0
       0
       0
       0
       0
       0
       0
       1
       0
       0
       0
       1
       0
       0
       0
       3
       1
       0
       0
       0
       1
       0
       0
       0
       0
       0
       0
       0
       1
       0
       1
       0
       0
       0
       0
       0
       1
       0
       1
       0
       0
       0
       0
       0
       1
       1
       0
       1
       0
       1
       0
       1
       0
       0
       0
       1
       0
       0
       0
       0
       0
       1
       0
       1
       0
       0
       0
       0
       0
       0
       1
       0
       0
       0
       0
       1
       0
       0
       0
       0
       0
       0
       1
       1
       1
       0
       0
       0
       0
       0
       1
       0
       0
       0
       0
       2
       0
       0
       1
       0
       0
       0
       0
       1
       0
       0
       0
       1
       0
       0
       0
       0
       0
       1
       0
       0
       0
       0
       0
       0
       0
       0
       0
       0
       0
       0
       0
       0
       0
       0
       1
       0
       0
       1
       0
       0
       1
       0
       0
       0
       1
       0
       0
       0
       1
       0
       0
       0
       0
       0
       0
       1
       0
       0
       0
       0
       0
       0
       0
       0
       0
       0
       0
       0
       0
       0
       0
       0
       0
       0
       0
       0
       0
       0
       0
       0
       0
       0
       0
       1
       0
       0
       1
       0
       0
       0
       0
       0
       0
       0
       1
       0
       0
       0
       0
       1
       0
       0
       0
       0
       1
       1
       0
       0
       0
       0
       0
       0
       2
       0
       0
       0
       0
       0
       0
       0
       0
       1
       1
       1
       0
       0
       0
       0
       0
       0
       0
       0
       0
       1
       0
       0
       0
       0
       0
       0
       2
       0
       0
       0
       0
       0
       0
       0
       0
       0
       0
       1
       0
       0
       0
       0
       0
       1
       0
       1
       0
       0
       0
       2
       0
       0
       0
       0
       0
       0
       0
       1
       0
       0
       0
       1
       1
       0
       0
       0
       0
       0
       0
       0
       0
       1
       0
       0
       0
       0
       0
       0
       0
       0
       0
       0
       0
       0
       0
       1
       1
       0
       1
       0
       0
       0
       1
       0
       0
       0
       0
       0
       0
       0
       0
       0
       0
       0
       0
       0
       0
       0
       0
       0
       1
       0
       0
       0
       0
       0
       0
       0
       0
       0
       0
       0
       0
       0
       0
       0
       0
       0
       0
       0
       1
       0
       0
       0
       0
       0
       0
       0
       0
       0
       0
       0
       1
       1
       0
       0
       0
       0
       0
       0
       0
       0
       0
       0
       0
       0
       0
       0
       1
       0
       0
       0
       1
       1
       0
       0
       0
       0
       0
       0
       0
       1
       0
       0
       1
       0
       0
       0
       0
       0
       0
       0
       0
       0
       1
       0
       0
       1
       0
       0
       0
       0
       1
       0
       0
       0
       1
       0
       0
       1
       0
       0
       0
       0
       0
       0
       0
       1
       1
       0
       0
       0
       0
       0
       0
       1
       0
       0
       2
       0
       0
       0
       0
       0
       0
       0
       0
       0
       0
       0
       0
       1
       0
       0
       0
       0
       0
       0
       0
       0
       0
       0
       0
       0
       0
       0
       1
       0
       0
       0
       0
       0
       0
       0
       0
       0
       0
       0
       0
       0
       0
       0
       0
       0
       0
       0
       1
       0
       0
       0
       0
       0
       0
       0
       0
       0
       0
       0
       0
       0
       0
       0
       0
       0
       0
       1
       0
       2
       0
       0
       0
       0
       0
       0
       0
       0
       0
       0
       1
       0
       0
       0
       1
       0
       0
       0
       0
       0
       0
       1
       0
       0
       0
       0
       0
       0
       0
       0
       0
       1
       0
       0
       0
       0
       1
       0
       1
       0
       0
       0
       1
       0
       0
       1
       0
       0
       0
       0
       0
       1
       0
       0
       0
       0
       0
       0
       0
       1
       0
       0
       0
       0
       0
       0
       0
       0
       0
       0
       1
       0
       0
       0
       0
       0
       0
       0
       1
       0
       0
       1
       0
       0
       0
       0
       0
       0
       0
       1
       0
       0
       0
       0
       1
       0
       1
       0
       0
       0
       0
       1
       0
       0
       0
       0
       0
       0
       0
       0
       0
       1
       1
       0
       1
       0
       1
       0
       0
       0
       0
       0
       0
       1
       0
       0
       0
       0
       0
       0
       0
       0
       0
       0
       0
       0
       0
       0
       1
       0
       0
       0
       0
       0
       0
       0
       0
       0
       0
       0
       0
       0
       0
       0
       0
       0
       0
       0
       1
       0
       0
       1
       0
       1
       1
       1
       1
       0
       0
       0
       0
       0
       0
       0
       0
       0
       0
       0
       0
       0
       0
       0
       0
       0
       0
       0
       0
       0
       0
       0
       0
       0
       0
       0
       0
       0
       0
       0
       0
       1
       0
       1
       0
       1
       0
       0
       0
       1
       0
       0
       0
       0
       0
       0
       0
       1
       0
       0
       0
       0
       0
       0
       0
       1
       0
       0
       0
       0
       1
       1
       0
       1
       0
       0
       0
       0
       0
       0
       0
       0
       0
       0
       0
       0
       0
       0
       0
       0
       0
       0
       0
       0
       0
       1
       0
       0
       0
       0
       0
       0
       0
       0
       0
       0
       0
       0
       0
       0
       0
       0
       0
       0
       1
       0
       0
       1
       0
       0
       0
       1
       0
       0
       0
       0
       0
       0
       0
       0
       0
       0
       0
       1
       0
       0
       0
       1
       0
       0
       0
       0
       0
       1
       1
       0
       1
       0
       0
       1
       0
       0
       0
       0
       0
       0
       1
       0
       0
       1
       0
       1
       0
       0
       0
       0
       1
       0
       0
       1
       0
       0
       0
       0
       0
       0
       0
       0
       0
       0
       0
       0
       0
       0
       0
       0
       0
       2
       0
       0
       0
       0
       0
       0
       0
       0
       0
       1
       0
       0
       0
       0
       1
       1
       0
       0
       0
       0
       0
       0
       0
       0
       0
       0
       0
       0
       0
       0
       0
       0
       0
       2
       1
       0
       0
       0
       0
       0
       0
       0
       0
       0
       0
       0
       1
       0
       1
       0
       0
       0
       1
       0
       0
       0
       0
       0
       0
       0
       0
       1
       0
       0
       0
       1
       1
       0
       0
       1
       0
       1
       0
       0
       0
       0
       0
       0
       0
       0
       0
       0
       0
       0
       1
       0
       0
       0
       1
       0
       0
       0
       0
       0
       0
       0
       1
       0
       0
       0
       0
       0
       0
       0
       0
       2
       0
       1
       0
       0
       0
       0
       2
       0
       0
       0
       0
       0
       0
       0
       0
       0
       0
       0
       0
       0
       0
       0
       0
       0
       0
       0
       0
       0
       0
       1
       1
       0
       0
       0
       1
       0
       0
       0
       0
       0
       0
       0
       0
       0
       0
       1
       0
       0
       0
       0
       0
       0
       0
       0
       0
       0
       0
       1
       1
       1
       0
       0
       0
       0
       0
       0
       1
       0
       0
       0
       0
       1
       0
       0
       0
       0
       0
       0
       0
       1
       0
       0
       0
       1
       0
       0
       1
       0
       0
       0
       0
       0
       0
       0
       0
       0
       1
       0
       0
       0
       0
       0
       0
       0
       0
       0
       1
       0
       0
       0
       0
       1
       0
       0
       0
       0
       0
       0
       0
       0
       0
       1
       0
       0
       0
       0
       0
       0
       0
       0
       0
       0
       0
       0
       0
       0
       1
       1
       0
       0
       0
       0
       0
       2
       0
       0
       1
       0
       0
       0
       0
       0
       0
       1
       0
       0
       0
       0
       0
       0
       0
       0
       0
       0
       0
       0
       0
       0
       0
       0
       0
       0
       0
       0
       0
       0
       0
       1
       0
       0
       0
       1
       0
       0
       0
       0
       0
       0
       1
       0
       0
       0
       0
       0
       0
       0
       1
       1
       0
       0
       0
       1
       0
       0
       0
       0
       0
       0
       0
       0
       0
       0
       0
       0
       0
       0
       0
       1
       0
       0
       0
       0
       0
       0
       1
       0
       0
       1
       0
       0
       0
       0
       1
       0
       1
       0
       0
       0
       0
       0
       1
       0
       0
       0
       0
       0
       0
       1
       0
       0
       0
       0
       0
       0
       1
       0
       0
       0
       1
       0
       1
       0
       0
       0
       1
       0
       0
       0
       0
       0
       0
       0
       0
       0
       0
       0
       0
       0
       0
       0
       0
       0
       0
       1
       0
       0
       0
       0
       0
       0
       0
       0
       0
       0
       0
       1
       0
       0
       0
       0
       0
       0
       0
       0
       1
       1
       0
       0
       2
       0
       0
       0
       0
       0
       1
       0
       0
       0
       0
       0
       0
       0
       0
       0
       1
       0
       0
       0
       0
       0
       1
       0
       1
       0
       0
       1
       0
       0
       0
       1
       1
       0
       0
       0
       0
       1
       1
       0
       1
       1
       0
       0
       0
       0
       0
       2
       0
       0
       0
       0
       0
       0
       0
       0
       1
       0
       0
       0
       0
       0
       0
       0
       0
       0
       0
       0
       0
       0
       0
       1
       0
       1
       1
       0
       0
       0
       0
       0
       0
       0
       1
       0
       0
       0
       0
       0
       1
       0
       0
       0
       1
       0
       1
       0
       0
       0
       0
       2
       0
       0
       1
       0
       0
       0
       0
       0
       0
       0
       0
       0
       0
       0
       0
       0
       0
       0
       0
       0
       0
       0
       0
       0
       1
       0
       0
       0
       0
       0
       1
       0
       0
       0
       0
       1
       0
       0
       0
       0
       0
       0
       0
       0
       0
       0
       0
       0
       0
       0
       0
       0
       0
       0
       0
       0
       0
       0
       0
       1
       0
       0
       0
       0
       0
       0
       0
       0
       0
       0
       0
       0
       1
       0
       0
       0
       0
       0
       1
       0
       0
       1
       0
       0
       1
       1
       0
       1
       0
       1
       2
       0
       0
       1
       0
       0
       0
       0
       0
       0
       0
       0
       0
       0
       0
       0
       0
       0
       0
       0
       0
       0
       0
       0
       0
       1
       0
       0
       0
       0
       0
       0
       1
       0
       0
       0
       0
       0
       0
       0
       0
       0
       0
       1
       0
       0
       0
       0
       0
       1
       1
       0
       0
       0
       0
       1
       1
       0
       0
       0
       0
       0
       0
       0
       0
       1
       0
       0
       0
       0
       1
       0
       0
       0
       0
       0
       0
       0
       0
       0
       0
       0
       1
       0
       1
       1
       0
       0
       0
       0
       0
       0
       0
       0
       1
       0
       0
       1
       0
       0
       0
       0
       0
       0
       0
       1
       0
       0
       1
       0
       0
       1
       0
       0
       1
       0
       1
       0
       0
       0
       0
       0
       0
       0
       0
       0
       0
       0
       0
       0
       0
       0
       0
       0
       0
       0
       0
       0
       0
       0
       0
       0
       0
       0
       0
       0
       0
       0
       1
       0
       0
       0
       0
       0
       0
       0
       0
       0
       0
       0
       0
       0
       0
       0
       0
       0
       0
       0
       0
       0
       0
       0
       0
       0
       0
       0
       0
       0
       0
       0
       0
       0
       0
       0
       0
       0
       0
       0
       0
       0
       0
       0
       0
       0
       1
       0
       0
       0
       1
       0
       0
       0
       0
       0
       0
       0
       0
       0
       0
       0
       0
       0
       0
       0
       0
       0
       0
       0
       0
       0
       0
       0
       0
       0
       0
       0
       0
       0
       0
       0
       0
       0
       0
       0
       0
       0
       0
       0
       0
       0
       0
       0
       0
       0
       0
       0
       0
       0
       0
       0
       0
       0
       0
       0
       0
       0
       0
       0
       0
       0
       0
       0
       0
       0
       0
       0
       0
       0
       0
       0
       0
       0
       0
       0
       0
       0
       0
       0
       0
       0
       0
       0
       0
       0
       0
       0
       0
       0
       0
       0
       0
       0
       0
       0
       0
       0
       0
       0
       0
       0
       0
       0
       0
       0
       0
       0
       0
       0
       0
       0
       0
       0
       0
       0
       0
       0
       0
       0
       0
       0
       0
       0
       0
       0
       0
       0
       0
       0
       0
       0
       0
       0
       0
       0
       0
       0
       0
       0
       0
       0
       0
       0
       0
       0
       0
       0
       0
       0
       0
       0
       0
       0
       0
       0
       0
       0
       0
       0
       0
       0
       0
       0
       0
       0
       0
       0
       0
       0
       0
       0
       0
       0
       0
       0
       0
       0
       0
       0
       0
       0
       0
       0
       0
       0
       0
       0
       0
       0
       0
       0
       0
       0
       0
       0
       0
       0
       0
       0
       0
       0
       0
       0
       0
       0
       0
       0
       0
       0
       0
       0
       0
       0
       0
       0
       0
       0
       0
       0
       0
       0
       0
       0
       0
       0
       0
       0
       0
       0
       0
       0
       0
       0
       0
       0
       0
       0
       0
       0
       0
       0
       0
       0
       0
       0
       0
       0
       0
       0
       0
       0
       0
       0
       0
       0
       0
       0
       0
       0
       0
       0
       0
       0
       0
       0
       0
       0
       0
       0
       0
       0
       0
       0
       0
       0
       0
       0
       0
       0
       0
       0
       0
       0
       0
       0
       0
       0
       0
       0
       0
       0
       0
       0
       0
       0
       0
       0
       0
       0
       0
       0
       0
       0
       0
       0
       0
       0
       0
       0
       0
       0
       0
       0
       0
       0
       0
       0
       0
       0
       0
       0
       0
       0
       0
       1
       0
       0
       0
       0
       0
       0
       0
       0
       0
       0
       0
       0
       0
       0
       0
       0
       0
       0
       0
       0
       0
       0
       0
       0
       0
       0
       0
       0
       0
       0
       0
       0
       0
       0
       0
       0
       0
       0
       0
       0
       0
       0
       0
       0
       0
       0
       0
       0
       0
       0
       0
       0
       0
       0
       0
       0
       0
       0
       0
       0
       0
       0
       0
       0
       0
       0
       0
       0
       0
       0
       0
       0
       0
       0
       0
       0
       0
       0
       0
       0
       0
       0
       0
       0
       0
       0
       0
       0
       0
       0
       0
       0
       0
       0
       0
       0
       0
       0
       0
       0
       0
       0
       0
       0
       0
       0
       0
       0
       0
       0
       0
       0
       0
       0
       0
       0
       0
       0
       0
       0
       0
       0
       0
       0
       0
       0
       0
       0
       0
       0
       0
       0
       0
       0
       0
       0
       0
       0
       0
       0
       0
       0
       0
       0
       0
       0
       0
       0
       0
       0
       0
       0
       0
       0
       0
       0
       0
       0
       0
       0
       0
       0
       0
       0
       0
       0
       0
       0
       0
       0
       0
       0
       0
       0
       0
       0
       0
       0
       0
       0
       0
       0
       0
       0
       0
       0
       0
       0
       0
       0
       0
       0
       0
       0
       0
       0
       0
       0
       0
       0
       0
       0
       0
       0
       0
       0
       0
       0
       0
       0
       0
       0
       0
       0
       0
       0
       0
       0
       0
       0
       0
       0
       0
       0
       0
       0
       0
       0
       0
       0
       0
       0
       0
       0
       0
       0
       0
       0
       0
       0
       0
       0
       0
       0
       0
       0
       0
       0
       0
       0
       0
       0
       0
       0
       0
       0
       0
       0
       0
       0
       0
       0
       0
       0
       0
       0
       0
       0
       0
       0
       0
       0
       0
       0
       0
       0
       0
       0
       0
       0
       0
       0
       0
       0
       0
       0
       0
       0
       0
       0
       0
       0
       0
       0
       0
       0
       0
       0
       0
       0
       0
       0
       0
       0
       0
       0
       0
       0
       0
       0
       0
       0
       0
       0
       0
       0
       0
       0
       0
       0
       0
       0
       0
       0
       0
       0
       0
       0
       0
       0
       0
       0
       0
       0
       0
       0
       0
       0
       0
       0
       0
       0
       0
       0
       0
       0
       0
       0
       0
       0
       0
       0
       0
       0
       0
       0
       0
       0
       0
       0
       0
       0
       1
       0
       0
       0
       0
       0
       0
       0
       0
       0
       0
       0
       0
       0
       0
       0
       0
       0
       0
       0
       0
       0
       0
       0
       0
       0
       0
       0
       0
       0
       0
       0
       0
       0
       0
       0
       0
       0
       0
       0
       0
       0
       0
       0
       0
       0
       0
       0
       0
       0
       0
       0
       0
       0
       0
       0
       0
       0
       0
       0
       0
       0
       0
       0
       0
       0
       0
       0
       0
       0
       0
       0
       0
       0
       0
       0
       0
       0
       0
       0
       0
       0
       0
       0
       0
       0
       0
       0
       0
       0
       0
       0
       0
       0
       0
       0
       0
       0
       0
       0
       0
       0
       0
       0
       0
       0
       0
       0
       0
       0
       0
       0
       0
       0
       0
       0
       0
       0
       0
       0
       0
       0
       0
       0
       0
       0
       0
       0
       0
       0
       0
       0
       0
       0
       0
       0
       0
       0
       0
       0
       0
       0
       0
       0
       0
       0
       0
       0
       0
       0
       0
       0
       0
       0
       0
       0
       0
       0
       0
       0
       0
       0
       0
       0
       0
       0
       0
       0
       0
       0
       0
       0
       0
       0
       0
       0
       0
       0
       0
       0
       0
       0
       0
       0
       0
       0
       0
       0
       0
       0
       0
       0
       0
       0
       0
       0
       0
       0
       0
       0
       0
       0
       0
       0
       0
       0
       0
       0
       0
       0
       0
       0
       0
       0
       0
       0
       0
       0
       0
       0
       0
       0
       0
       0
       0
       0
       0
       0
       0
       0
       0
       0
       0
       0
       0
       0
       0
       0
       0
       0
       0
       0
       0
       0
       0
       0
       0
       0
       0
       0
       0
       0
       0
       0
       0
       0
       0
       0
       0
       0
       0
       0
       0
       0
       0
       0
       0
       0
       0
       0
       0
       0
       0
       0
       0
       0
       0
       0
       0
       0
       0
       0
       0
       0
       0
       0
       0
       0
       0
       0
       0
       0
       0
       0
       0
       0
       0
       0
       0
       0
       0
       0
       0
       0
       0
       0
       0
       0
       0
       0
       0
       0
       0
       0
       0
       0
       0
       0
       0
       0
       0
       0
       0
       0
       0
       0
       0
       0
       0
       0
       0
       0
       0
       0
       0
       0
       0
       0
       0
       0
       0
       0
       0
       0
       0
       0
       0
       0
       0
       0
       0
       0
       0
       0
       0
       0
       0
       0
       0
       0
       0
       0
       0
       0
       0
       0
       0
       0
       0
       0
       0
       0
       0
       0
       0
       0
       0
       0
       0
       0
       0
       0
       0
       0
       0
       0
       0
       0
       0
       0
       0
       0
       0
       0
       0
       0
       0
       0
       0
       0
       0
       0
       0
       0
       0
       0
       0
       0
       0
       0
       0
       0
       0
       0
       0
       0
       0
       0
       0
       0
       0
       0
       0
       0
       0
       0
       0
       0
       0
       0
       0
       0
       0
       0
       0
       0
       0
       0
       0
       0
       0
       0
       0
       0
       0
       0
       0
       0
       0
       0
       0
       0
       0
       0
       0
       0
       0
       0
       0
       0
       0
       0
       0
       0
       1
       0
       0
       0
       0
       0
       0
       0
       0
       0
       0
       0
       0
       0
       0
       0
       0
       0
       0
       0
       0
       0
       0
       0
       0
       0
       0
       0
       0
       0
       0
       0
       0
       0
       0
       0
       0
       0
       0
       0
       0
       0
       0
       0
       0
       0
       0
       0
       0
       0
       0
       0
       0
       0
       0
       0
       0
       0
       0
       0
       0
       0
       0
       0
       0
       0
       0
       0
       0
       0
       0
       0
       0
       0
       0
       0
       0
       0
       0
       0
       0
       0
       0
       0
       0
       0
       0
       0
       0
       0
       0
       0
       0
       0
       0
       0
       0
       0
       0
       0
       0
       0
       0
       0
       0
       0
       0
       0
       0
       0
       0
       0
       0
       0
       0
       0
       0
       0
       0
       0
       0
       0
       0
       0
       0
       0
       0
       0
       0
       0
       0
       0
       0
       0
       0
       0
       0
       0
       0
       0
       0
       0
       0
       0
       0
       0
       0
       0
       0
       0
       0
       0
       0
       0
       0
       0
       0
       0
       0
       0
       0
       0
       0
       0
       0
       0
       0
       0
       0
       0
       0
       0
       0
       0
       0
       0
       0
       0
       0
       0
       0
       0
       0
       0
       0
       0
       0
       0
       0
       0
       0
       0
       0
       0
       0
       0
       0
       0
       0
       0
       0
       0
       0
       0
       0
       0
       0
       0
       0
       0
       0
       0
       0
       0
       0
       0
       0
       0
       0
       0
       0
       0
       0
       0
       0
       0
       0
       0
       0
       0
       0
       0
       0
       0
       0
       0
       0
       0
       0
       0
       0
       0
       0
       0
       0
       0
       0
       0
       0
       0
       0
       0
       0
       0
       0
       0
       0
       0
       0
       0
       0
       0
       0
       0
       0
       0
       0
       0
       0
       0
       0
       0
       0
       0
       0
       0
       0
       0
       0
       0
       0
       0
       0
       0
       0
       0
       0
       0
       0
       0
       0
       0
       0
       0
       0
       0
       0
       0
       0
       0
       0
       0
       0
       0
       0
       0
       0
       0
       0
       0
       0
       0
       0
       0
       0
       0
       0
       0
       0
       0
       0
       0
       0
       0
       0
       0
       0
       0
       0
       0
       0
       0
       0
       0
       0
       0
       0
       0
       0
       0
       0
       0
       0
       0
       0
       0
       0
       0
       0
       0
       0
       0
       0
       0
       0
       0
       0
       0
       0
       0
       0
       0
       0
       0
       0
       0
       0
       0
       0
       0
       0
       0
       0
       0
       0
       0
       0
       0
       0
       0
       0
       0
       0
       0
       0
       0
       0
       0
       0
       0
       0
       0
       0
       0
       0
       0
       0
       0
       0
       0
       0
       0
       0
       0
       0
       0
       0
       0
       0
       0
       0
       0
       0
       0
       0
       0
       0
       0
       0
       0
       0
       0
       0
       0
       0
       0
       0
       0
       0
       0
       0
       0
       0
       0
       0
       0
       0
       0
       0
       0
       0
       0
       0
       0
       1
       0
       0
       0
       0
       0
       0
       0
       0
       0
       0
       0
       0
       0
       0
       0
       0
       0
       0
       0
       0
       0
       0
       0
       0
       0
       0
       0
       0
       0
       0
       0
       0
       0
       0
       0
       0
       0
       0
       0
       0
       0
       0
       0
       0
       0
       0
       0
       0
       0
       0
       0
       0
       0
       0
       0
       0
       0
       0
       0
       0
       0
       0
       0
       0
       0
       0
       0
       0
       0
       0
       0
       0
       0
       0
       0
       0
       0
       0
       0
       0
       0
       0
       0
       0
       0
       0
       0
       0
       0
       0
       0
       0
       0
       0
       0
       0
       0
       0
       0
       0
       0
       0
       0
       0
       0
       0
       0
       0
       0
       0
       0
       0
       0
       0
       0
       0
       0
       0
       0
       0
       0
       0
       0
       0
       0
       0
       0
       0
       0
       0
       0
       0
       0
       0
       0
       0
       0
       0
       0
       0
       0
       0
       0
       0
       0
       0
       0
       0
       0
       0
       0
       0
       0
       0
       0
       0
       0
       0
       0
       0
       0
       0
       0
       0
       0
       0
       0
       0
       0
       0
       0
       0
       0
       0
       0
       0
       0
       0
       0
       0
       0
       0
       0
       0
       0
       0
       0
       0
       0
       0
       0
       0
       0
       0
       0
       0
       0
       0
       0
       0
       0
       0
       0
       0
       0
       0
       0
       0
       0
       0
       0
       0
       0
       0
       0
       0
       0
       0
       0
       0
       0
       0
       0
       0
       0
       0
       0
       0
       0
       0
       0
       0
       0
       0
       0
       0
       0
       0
       0
       0
       0
       0
       0
       0
       0
       0
       0
       0
       0
       0
       0
       0
       0
       0
       0
       0
       0
       0
       0
       0
       0
       0
       0
       0
       0
       0
       0
       0
       0
       0
       0
       0
       0
       0
       0
       0
       0
       0
       0
       0
       0
       0
       0
       0
       0
       0
       0
       0
       0
       0
       0
       0
       0
       0
       0
       0
       0
       0
       0
       0
       0
       0
       0
       0
       0
       0
       0
       0
       0
       0
       0
       0
       0
       0
       0
       0
       0
       0
       0
       0
       0
       0
       0
       0
       0
       0
       0
       0
       0
       0
       0
       0
       0
       0
       0
       0
       0
       0
       0
       0
       0
       0
       0
       0
       0
       0
       0
       0
       0
       0
       0
       0
       0
       0
       0
       0
       0
       0
       0
       0
       0
       0
       0
       0
       0
       0
       0
       0
       0
       0
       0
       0
       0
       0
       0
       0
       0
       0
       0
       0
       0
       0
       0
       0
       0
       0
       0
       0
       0
       0
       0
       0
       0
       0
       0
       0
       0
       0
       0
       0
       0
       0
       0
       0
       0
       0
       0
       0
       0
       0
       0
       0
       0
       0
       0
       0
       0
       0
       0
       0
       0
       0
       0
       0
       0
       0
       0
       0
       0
       0
       0
       0
       0
       0
       0
       0
       0
       0
       0
       0
       0
       0
       0
       0
       0
       0
       0
       0
       0
       0
       0
       0
       0
       0
       0
       0
       0
       0
       0
       0
       0
       0
       0
       0
       0
       0
       0
       0
       0
       0
       0
       0
       0
       0
       0
       0
       0
       0
       0
       0
       0
       0
       0
       0
       0
       0
       0
       0
       0
       0
       0
       0
       0
       0
       0
       0
       0
       0
       0
       0
       0
       0
       0
       0
       0
       0
       0
       0
       0
       0
       0
       0
       0
       0
       0
       0
       0
       0
       0
       0
       0
       0
       0
       0
       0
       0
       0
       0
       0
       0
       0
       0
       0
       0
       0
       0
       0
       0
$ROI:
0
$PRESETS:
None
0
0
$ENER_FIT:
0.000000 0.000000
$MCA_CAL:
3
0.000000E+000 0.000000E+000 0.000000E+000 
$SHAPE_CAL:
3
0.000000E+000 0.000000E+000 0.000000E+000
