$SPEC_ID:
No sample description was entered.
$SPEC_REM:
DET# 1
DETDESC# ELIMED2-PC Easy-MCA-8k SN 19133189
AP# Maestro Version 7.01
$DATE_MEA:
12/16/2019 19:15:55
$MEAS_TIM:
1159 1159
$DATA:
0 8191
       0
       0
       0
       0
       0
       0
       0
       0
       0
       0
       0
       0
       0
       0
       0
       0
       0
       0
       0
       0
       0
       0
       0
       0
       2
       2
      10
      25
      66
     161
     525
    1426
    1985
    1292
     933
     836
     760
     685
     626
     579
     479
     466
     447
     391
     339
     293
     285
     253
     203
     207
     137
     132
     133
     111
      90
      90
      89
      90
      71
      87
      71
      68
      63
      75
      75
      55
      65
      61
      82
      59
      54
      73
      64
      60
      57
      59
      67
      48
      67
      53
      52
      58
      45
      57
      55
      50
      48
      72
      44
      47
      45
      50
      63
      54
      46
      57
      40
      49
      23
      51
      44
      36
      49
      53
      43
      37
      47
      46
      43
      34
      52
      38
      41
      40
      33
      48
      45
      32
      36
      42
      46
      38
      40
      38
      27
      33
      39
      34
      48
      33
      41
      43
      39
      39
      27
      34
      28
      28
      31
      35
      49
      36
      33
      39
      39
      43
      39
      33
      31
      41
      31
      28
      32
      42
      29
      30
      38
      32
      26
      35
      35
      36
      32
      28
      35
      32
      32
      28
      33
      25
      23
      29
      28
      27
      33
      27
      24
      23
      29
      27
      36
      34
      34
      33
      27
      27
      35
      46
      27
      37
      34
      34
      28
      28
      29
      24
      27
      23
      38
      27
      34
      28
      33
      28
      32
      28
      35
      34
      22
      21
      28
      18
      25
      27
      32
      34
      35
      21
      31
      31
      33
      26
      33
      19
      29
      40
      28
      22
      24
      38
      29
      20
      32
      37
      25
      26
      32
      31
      30
      21
      23
      36
      26
      27
      25
      31
      34
      25
      30
      16
      26
      24
      35
      29
      27
      42
      28
      33
      24
      30
      26
      25
      25
      25
      25
      30
      27
      22
      23
      23
      46
      23
      17
      14
      22
      32
      18
      34
      27
      33
      31
      35
      38
      33
      33
      27
      31
      26
      27
      22
      37
      35
      20
      28
      41
      25
      29
      25
      37
      27
      30
      27
      19
      28
      23
      19
      28
      37
      17
      32
      34
      27
      26
      33
      36
      26
      26
      27
      27
      32
      39
      33
      25
      33
      31
      22
      24
      20
      24
      29
      26
      27
      24
      41
      30
      25
      25
      35
      16
      29
      20
      26
      32
      31
      28
      30
      27
      30
      20
      25
      43
      20
      35
      26
      22
      34
      29
      34
      28
      43
      28
      36
      28
      23
      32
      35
      37
      36
      33
      29
      23
      43
      34
      28
      37
      34
      28
      34
      28
      25
      29
      34
      29
      37
      31
      28
      27
      19
      37
      33
      23
      33
      49
      23
      33
      39
      22
      33
      33
      39
      33
      40
      32
      41
      37
      32
      32
      32
      26
      32
      36
      34
      42
      31
      30
      28
      34
      39
      36
      29
      34
      39
      45
      36
      38
      38
      29
      28
      27
      32
      36
      23
      41
      25
      31
      29
      40
      28
      34
      34
      32
      28
      41
      36
      43
      43
      31
      26
      47
      34
      29
      32
      47
      23
      33
      24
      39
      47
      28
      33
      33
      29
      36
      33
      41
      43
      31
      33
      30
      34
      38
      32
      49
      37
      37
      41
      24
      36
      23
      42
      28
      28
      40
      38
      37
      36
      34
      36
      28
      32
      39
      49
      38
      29
      40
      39
      36
      42
      37
      41
      37
      33
      43
      42
      42
      41
      34
      37
      40
      35
      47
      46
      42
      44
      44
      38
      38
      49
      35
      42
      52
      46
      51
      56
      47
      53
      48
      50
      56
      52
      49
      54
      57
      47
      60
      57
      56
      64
      62
      65
      63
      62
      63
      59
      63
      56
      78
      71
      71
      48
      73
      75
      90
      92
      82
      88
      93
      84
      82
      91
      98
     106
     126
      93
     114
     108
     113
     122
     134
     133
     145
     136
     124
     150
     142
     162
     161
     182
     167
     165
     180
     178
     190
     176
     180
     206
     217
     193
     252
     208
     203
     211
     246
     269
     233
     274
     266
     291
     257
     282
     287
     275
     274
     303
     297
     312
     322
     364
     331
     355
     302
     391
     360
     350
     384
     361
     390
     386
     351
     371
     403
     407
     355
     424
     411
     417
     333
     406
     370
     409
     418
     371
     429
     395
     414
     391
     419
     416
     408
     409
     391
     393
     440
     429
     405
     439
     409
     398
     373
     396
     378
     395
     383
     410
     351
     390
     383
     381
     360
     338
     360
     367
     363
     367
     338
     354
     342
     348
     318
     339
     335
     358
     282
     360
     335
     305
     302
     314
     272
     298
     305
     275
     264
     272
     269
     256
     283
     279
     255
     246
     254
     253
     257
     236
     260
     212
     204
     205
     209
     216
     201
     213
     204
     199
     211
     193
     202
     176
     179
     170
     191
     199
     182
     165
     187
     173
     160
     148
     166
     147
     167
     138
     144
     131
     165
     144
     162
     149
     144
     129
     112
     114
     123
     126
     139
     124
     138
     131
     134
     150
     137
     130
     118
     122
      98
     123
     117
     122
      97
     114
     102
     137
     103
     116
     128
     105
      89
     114
     111
     115
     121
     101
     104
     104
      86
     100
     102
     102
      93
      82
      97
     107
      98
     115
     105
     106
      88
     103
     103
      86
      93
      90
      95
      70
      85
      94
      92
      99
      69
      70
      96
      76
      83
      83
      94
      72
      92
      71
      75
      89
      83
      86
      73
      76
      64
      84
      63
      80
      56
      76
      67
      75
      82
      82
      64
      62
      91
      65
      80
      79
      70
      81
      78
      58
      68
      74
      70
      76
      75
      68
      71
      60
      78
      75
      67
      69
      69
      60
      47
      73
      54
      71
      65
      63
      68
      67
      57
      71
      60
      65
      65
      65
      70
      52
      57
      65
      62
      50
      58
      48
      57
      45
      57
      50
      58
      71
      50
      48
      62
      59
      51
      44
      64
      40
      56
      48
      39
      53
      46
      55
      49
      49
      39
      47
      56
      42
      37
      55
      39
      50
      38
      41
      35
      61
      45
      53
      49
      42
      50
      35
      41
      40
      55
      44
      43
      46
      39
      38
      40
      40
      45
      48
      39
      40
      43
      46
      44
      58
      47
      39
      34
      41
      41
      43
      41
      51
      42
      46
      39
      39
      45
      39
      44
      44
      35
      45
      38
      42
      38
      38
      48
      43
      37
      32
      34
      38
      38
      53
      42
      37
      45
      46
      38
      37
      31
      47
      45
      39
      43
      23
      32
      40
      24
      37
      33
      37
      33
      34
      32
      35
      32
      35
      36
      31
      27
      38
      38
      30
      33
      28
      38
      37
      26
      38
      28
      32
      31
      18
      30
      37
      35
      31
      28
      32
      29
      28
      32
      27
      28
      31
      29
      26
      22
      32
      24
      37
      30
      25
      30
      20
      21
      29
      37
      29
      30
      34
      28
      22
      29
      41
      24
      26
      21
      30
      40
      17
      18
      30
      34
      26
      23
      40
      28
      30
      30
      26
      28
      18
      23
      24
      26
      26
      32
      22
      19
      24
      28
      27
      29
      31
      27
      21
      13
      24
      23
      17
      26
      20
      17
      28
      28
      27
      25
      22
      25
      20
      26
      21
      22
      18
      29
      16
      21
      16
      19
      33
      15
      18
      26
      23
      17
      22
      22
      25
      19
      30
      16
      19
      20
      23
      12
      24
      25
      23
      21
      24
      14
      18
      23
      21
      19
      19
      16
      22
      22
      18
      14
      21
      13
      24
      25
      19
      24
      24
      20
      24
      17
      18
      12
      11
      22
      26
      14
      26
      23
      22
      22
      15
      11
      15
      18
      17
      21
      22
      20
      15
      18
      16
      11
      20
      23
      21
      20
      16
      19
      19
      19
      17
      20
      15
      19
      12
      12
      19
      15
      16
      24
      16
      21
      15
      16
      17
      18
      12
      17
      13
      15
      14
      13
      20
      18
      13
      19
      19
      14
      11
       8
      13
      15
      18
      13
      18
      14
      13
      20
      19
      17
      17
      26
      21
      25
       6
      14
      11
      17
      13
      20
       9
      20
      14
      17
      16
      12
      17
      13
      16
      17
      14
      15
      15
      19
      20
      18
      11
       8
      12
      17
      11
      13
      12
      14
      19
      20
      16
      14
       8
      13
      14
      12
      18
      11
      15
      13
      19
      15
      11
      12
      11
       8
      17
      12
      11
      13
      12
      17
      12
      10
       7
      13
      16
      12
       7
      16
      13
      22
      12
       4
       9
      15
       8
      12
      14
      13
      11
       9
      10
      10
      10
      12
      14
      13
       5
      14
       6
      11
      21
      10
      12
      15
      14
      15
      14
      14
       8
       7
       8
      15
       9
      12
       9
       9
      15
       8
       9
       7
       7
       9
      11
      12
      13
      14
       9
      12
      11
      11
      14
      14
       7
      15
      10
      14
       7
      12
      10
      13
       9
       4
       9
      11
       6
      11
       7
      10
      18
      13
      12
      15
       7
      17
      11
       8
       9
      10
      11
      13
      16
       9
       7
      11
      11
      10
      10
       5
       4
      11
      11
       8
       9
      11
       6
      11
      12
      14
      11
       8
       8
      15
       7
      10
       9
      11
       9
       8
       3
       6
       5
       8
       9
       9
      11
      10
      11
      13
      10
       9
       9
      11
      10
      13
      12
      13
       5
      11
       9
       8
      14
       9
       9
       4
       9
       6
       9
      13
       5
      14
       9
      11
       8
       6
       7
      11
      11
      14
      10
      10
      12
      10
       8
      12
      12
       9
       9
       7
      15
      10
      12
      13
      10
      10
      10
       8
       9
       8
       6
       8
       8
       7
       4
      12
      16
      12
       8
       8
       9
      12
      12
      14
       9
       6
       6
       7
       7
       9
       5
      19
      11
       8
      13
      13
      11
       6
       9
      14
       6
       8
       8
      11
       6
      16
       9
       2
       9
       8
      10
       6
      13
      11
       9
      14
       4
       7
      11
       8
       9
       9
      11
      10
      13
       6
       6
       7
      11
       6
      10
       4
      12
       8
       8
      12
       6
       7
      13
       5
      11
       7
      12
       3
       6
       3
      11
      10
       9
      13
       8
       7
      12
       9
       3
       9
       6
       6
       5
       5
       5
       8
      10
       8
       8
      10
       3
       9
       3
      11
       6
       8
      11
       7
       9
       6
       8
       5
       3
       5
       7
       6
       7
      14
       5
       2
      10
       6
       7
       5
       8
      11
       6
       5
      10
       9
       8
       5
       4
       6
       3
       7
       4
       5
       6
       9
       9
       3
       9
       8
       2
       6
       8
       3
       6
       5
       9
       4
       8
      11
       7
       3
       9
       3
       3
       7
       5
       7
       4
       7
       9
       7
      10
       8
       7
       9
       8
       6
       7
       9
       0
       5
       6
       3
       7
       9
       5
       6
       7
       5
       8
       4
       7
       7
       6
       4
       7
       3
       8
       3
       6
       8
       9
       8
      10
      10
       9
       4
       6
       3
       9
       5
      10
       6
       4
       7
       6
       7
      11
      10
       6
       8
       7
       8
       3
       6
       8
      11
      11
       6
       8
      10
       7
      11
       3
      12
       8
       7
       4
       5
       4
       6
       7
       4
       6
       5
      10
       4
       7
       7
       4
       5
       5
       5
       1
       4
       3
      10
       4
       5
       4
       6
       5
       6
       2
       2
       4
       9
       4
       2
       4
       6
       6
       5
       8
       5
       6
       7
       4
       0
       5
       5
       2
       5
       7
       5
       7
       6
       8
       8
       8
       2
       7
       4
      12
       7
       2
       6
       5
       5
       4
       1
       4
       3
       6
       3
       3
       7
       3
       7
       8
       7
       7
       3
       9
       3
       4
       6
       5
       3
       4
       2
       1
       5
       5
       3
       6
       4
       4
       5
       4
       6
       4
       1
       4
       2
       3
       3
       8
       4
       4
       2
       3
       6
       1
       6
       4
       4
       3
       2
       7
       2
       9
       4
       7
       5
       5
       3
       6
       3
       7
       4
       2
       5
       2
       3
       7
       2
       3
       3
       5
       3
       6
       4
       5
       5
       2
      13
       7
       5
       4
       3
       1
       7
       2
       3
       4
       6
       3
       3
       6
       4
       4
       4
       3
       4
       4
       3
       8
       8
       2
       7
       2
       3
       3
       1
       3
       6
       4
       3
       7
       4
       4
       5
       3
       6
       3
       2
       3
       4
       2
       1
       5
       2
       1
       2
       6
       4
       4
       3
       6
       5
       6
       4
       4
       6
       1
       5
       9
       4
       9
       2
       1
       3
       4
       4
       3
       6
       0
       5
       3
       4
       1
       6
       4
       3
       4
       1
       2
       6
       6
       2
       2
       3
       5
       2
       2
       1
       0
       2
       7
       5
       2
       7
       3
       7
       8
       4
       5
       1
       5
       5
       2
       1
       5
       3
       5
       5
       8
       4
       4
       1
       1
       9
       3
       3
       1
       7
       4
       4
       4
       3
       0
       5
       6
       3
       2
       3
       2
       6
       2
       5
       1
       3
       1
       1
       6
       3
       3
       3
       4
       3
       1
       2
       1
       0
       1
       1
       5
       7
       4
       3
       3
       4
       1
       4
       4
       2
       3
       2
       2
       4
       6
       1
       5
       5
       2
       1
       2
       2
       3
       3
       5
       2
       0
       5
       1
       3
       1
       3
       6
       3
       4
       2
       4
       2
       4
       4
       1
       4
       3
       2
       2
       7
       6
       2
       3
       1
       5
       5
       6
       4
       1
       6
       2
       1
       3
       2
       0
       1
       7
       4
       3
       6
       2
       6
       3
       2
       2
       6
       3
       4
       1
       3
       1
       1
       3
       2
       2
       2
       3
       1
       3
       4
       2
       3
       4
       2
       4
       2
       3
       2
       2
       0
       8
       3
       3
       3
       2
       2
       2
       0
       4
       2
       2
       0
       5
       2
       5
       1
       4
       5
       5
       1
       0
       1
       3
       2
       3
       3
       2
       3
       3
       6
       1
       1
       2
       5
       0
       1
       3
       0
       1
       3
       1
       1
       2
       5
       1
       3
       3
       4
       4
       1
       1
       2
       1
       2
       2
       5
       1
       4
       4
       7
       3
       3
       1
       7
       4
       5
       3
       1
       4
       1
       7
       5
       3
       1
       3
       0
       2
       3
       1
       3
       1
       4
       0
       4
       0
       3
       5
       3
       3
       1
       2
       2
       0
       1
       4
       1
       4
       3
       0
       5
       1
       1
       4
       2
       0
       2
       0
       1
       4
       3
       3
       1
       4
       4
       1
       1
       2
       0
       2
       4
       3
       2
       1
       4
       2
       2
       4
       1
       1
       2
       4
       3
       2
       2
       3
       2
       0
       0
       4
       3
       2
       5
       2
       1
       3
       1
       4
       0
       1
       7
       0
       3
       1
       3
       0
       1
       2
       1
       0
       7
       1
       4
       4
       2
       2
       1
       2
       1
       3
       0
       1
       3
       1
       1
       3
       2
       5
       2
       1
       2
       2
       6
       3
       0
       2
       0
       0
       5
       0
       4
       2
       4
       1
       3
       0
       2
       1
       3
       3
       1
       4
       3
       6
       1
       3
       1
       3
       1
       5
       3
       3
       2
       4
       0
       2
       2
       0
       1
       1
       3
       1
       1
       3
       6
       3
       0
       1
       1
       4
       1
       0
       1
       1
       2
       3
       4
       3
       6
       1
       1
       0
       2
       1
       1
       0
       2
       1
       6
       2
       6
       1
       5
       1
       0
       3
       1
       0
       4
       2
       2
       5
       2
       0
       1
       1
       2
       3
       2
       0
       2
       1
       4
       3
       1
       1
       2
       1
       2
       3
       1
       1
       2
       3
       3
       5
       2
       2
       1
       1
       4
       3
       1
       1
       3
       3
       2
       1
       4
       3
       2
       0
       1
       0
       3
       3
       2
       2
       2
       0
       0
       1
       2
       3
       2
       0
       2
       0
       2
       2
       0
       2
       2
       3
       2
       3
       3
       2
       3
       3
       0
       2
       2
       2
       1
       3
       2
       2
       2
       3
       0
       2
       1
       5
       1
       2
       0
       2
       1
       3
       3
       3
       2
       3
       5
       2
       1
       1
       2
       2
       0
       1
       0
       0
       0
       3
       1
       0
       4
       3
       2
       4
       1
       0
       0
       2
       1
       2
       1
       1
       2
       2
       2
       2
       2
       0
       2
       2
       2
       0
       1
       0
       2
       2
       0
       1
       3
       1
       3
       4
       1
       1
       3
       3
       3
       1
       2
       1
       0
       2
       0
       1
       2
       0
       2
       0
       5
       2
       2
       2
       3
       1
       1
       6
       1
       2
       1
       0
       1
       1
       1
       0
       0
       5
       1
       3
       3
       0
       1
       0
       3
       0
       1
       1
       1
       1
       2
       2
       1
       2
       0
       4
       1
       1
       0
       1
       1
       0
       0
       1
       0
       1
       3
       3
       1
       3
       2
       1
       1
       1
       0
       3
       5
       3
       0
       3
       0
       0
       2
       3
       1
       1
       2
       3
       1
       1
       0
       0
       2
       1
       0
       6
       0
       0
       0
       1
       2
       1
       2
       2
       1
       0
       1
       2
       2
       3
       2
       0
       3
       1
       0
       3
       2
       1
       2
       3
       3
       0
       1
       2
       0
       2
       0
       0
       2
       1
       3
       3
       1
       0
       7
       5
       2
       4
       2
       1
       3
       2
       0
       1
       2
       1
       1
       1
       1
       2
       0
       0
       4
       0
       1
       0
       2
       1
       1
       6
       2
       0
       2
       4
       0
       2
       1
       2
       1
       3
       3
       0
       1
       2
       1
       3
       4
       1
       2
       0
       0
       2
       0
       1
       0
       1
       0
       3
       0
       2
       1
       2
       2
       0
       0
       0
       1
       1
       2
       0
       0
       1
       2
       2
       3
       1
       1
       0
       1
       0
       1
       5
       1
       0
       2
       0
       1
       0
       1
       1
       3
       1
       0
       2
       1
       2
       1
       0
       0
       1
       3
       0
       0
       1
       1
       0
       1
       1
       1
       1
       0
       1
       3
       1
       1
       1
       1
       1
       2
       0
       0
       0
       1
       1
       1
       1
       2
       2
       3
       0
       1
       2
       1
       0
       0
       1
       0
       4
       1
       3
       1
       1
       0
       3
       1
       2
       0
       2
       0
       0
       1
       2
       1
       0
       1
       4
       1
       0
       2
       2
       3
       1
       2
       0
       0
       0
       2
       0
       2
       0
       1
       0
       0
       1
       2
       2
       2
       1
       1
       0
       0
       1
       3
       0
       1
       1
       2
       0
       1
       4
       2
       2
       0
       0
       1
       1
       1
       1
       1
       0
       1
       1
       0
       0
       0
       1
       0
       3
       3
       1
       2
       0
       1
       0
       4
       0
       0
       0
       3
       2
       1
       3
       0
       0
       1
       2
       0
       1
       2
       1
       1
       2
       0
       1
       1
       1
       1
       1
       1
       3
       1
       0
       0
       1
       0
       2
       3
       1
       0
       3
       0
       2
       0
       0
       0
       0
       0
       0
       0
       1
       0
       2
       1
       1
       1
       0
       0
       2
       1
       0
       3
       0
       1
       1
       2
       2
       1
       0
       1
       1
       2
       1
       1
       4
       0
       0
       1
       1
       1
       2
       0
       4
       1
       2
       2
       1
       1
       1
       1
       1
       2
       1
       0
       3
       1
       1
       2
       0
       2
       0
       1
       0
       1
       2
       0
       1
       3
       0
       1
       1
       3
       1
       1
       0
       0
       0
       2
       1
       2
       1
       1
       1
       1
       0
       4
       1
       0
       0
       1
       2
       0
       1
       2
       0
       2
       0
       0
       0
       2
       0
       0
       1
       1
       0
       1
       1
       1
       0
       0
       0
       0
       1
       2
       1
       2
       2
       1
       1
       2
       3
       0
       0
       2
       2
       1
       3
       2
       2
       1
       0
       2
       1
       0
       0
       0
       1
       2
       1
       2
       1
       0
       1
       1
       0
       1
       0
       0
       0
       2
       1
       1
       2
       1
       1
       0
       0
       1
       1
       1
       3
       2
       2
       1
       0
       1
       3
       0
       2
       1
       1
       1
       3
       1
       1
       2
       2
       0
       1
       0
       0
       2
       2
       0
       2
       1
       0
       1
       1
       2
       1
       0
       2
       1
       3
       1
       0
       0
       1
       3
       1
       1
       2
       0
       1
       3
       2
       0
       0
       0
       2
       0
       1
       0
       1
       1
       2
       1
       0
       1
       0
       0
       1
       1
       0
       1
       2
       1
       0
       2
       1
       0
       1
       0
       1
       1
       0
       0
       1
       1
       0
       0
       0
       0
       0
       1
       0
       0
       1
       1
       0
       0
       0
       0
       0
       1
       0
       2
       0
       1
       0
       5
       1
       1
       1
       0
       1
       2
       1
       2
       0
       0
       1
       0
       0
       3
       1
       1
       2
       0
       1
       1
       2
       0
       1
       1
       0
       0
       1
       0
       0
       0
       0
       2
       0
       1
       0
       1
       0
       0
       1
       0
       0
       2
       0
       1
       1
       0
       1
       1
       0
       1
       0
       0
       1
       1
       1
       1
       1
       1
       2
       0
       2
       0
       2
       0
       0
       3
       0
       1
       0
       0
       0
       0
       1
       0
       2
       0
       2
       0
       1
       0
       0
       2
       1
       0
       0
       1
       1
       1
       0
       0
       1
       1
       0
       0
       1
       1
       1
       0
       0
       1
       0
       1
       0
       0
       2
       0
       0
       1
       0
       0
       1
       0
       1
       0
       0
       2
       0
       1
       0
       0
       0
       1
       1
       0
       1
       0
       0
       1
       2
       0
       1
       1
       2
       1
       1
       0
       2
       0
       3
       1
       0
       0
       1
       0
       0
       3
       0
       0
       0
       1
       2
       0
       0
       0
       1
       1
       0
       0
       1
       0
       0
       0
       1
       1
       0
       0
       0
       0
       0
       0
       0
       1
       0
       2
       2
       1
       1
       1
       0
       1
       2
       0
       4
       1
       3
       2
       0
       1
       1
       1
       0
       0
       0
       0
       0
       1
       0
       2
       0
       0
       0
       3
       0
       0
       0
       0
       0
       1
       0
       0
       0
       1
       0
       0
       2
       0
       1
       0
       1
       2
       1
       3
       1
       1
       0
       1
       1
       0
       2
       0
       2
       1
       0
       0
       0
       1
       1
       1
       0
       0
       0
       1
       1
       0
       0
       0
       1
       1
       1
       0
       1
       1
       0
       1
       3
       1
       1
       0
       0
       0
       2
       2
       2
       2
       0
       0
       2
       0
       2
       1
       1
       0
       0
       1
       4
       1
       0
       0
       1
       1
       0
       0
       1
       1
       0
       0
       1
       0
       0
       1
       1
       1
       1
       0
       1
       1
       0
       1
       2
       1
       0
       0
       1
       0
       2
       0
       0
       0
       0
       0
       1
       1
       2
       0
       0
       2
       0
       1
       0
       0
       0
       0
       1
       1
       1
       0
       1
       0
       0
       0
       0
       0
       0
       1
       0
       0
       0
       2
       3
       0
       1
       1
       1
       1
       0
       1
       1
       0
       0
       1
       2
       1
       1
       0
       2
       0
       0
       0
       0
       2
       0
       1
       1
       2
       1
       0
       1
       1
       2
       0
       0
       1
       2
       0
       2
       0
       1
       0
       0
       1
       0
       0
       1
       1
       1
       0
       0
       0
       1
       0
       2
       1
       0
       0
       1
       0
       1
       0
       1
       1
       0
       0
       0
       0
       0
       3
       1
       2
       0
       1
       2
       0
       0
       0
       1
       0
       0
       1
       1
       0
       0
       0
       0
       0
       1
       3
       0
       0
       0
       1
       0
       2
       1
       0
       1
       1
       0
       0
       0
       1
       0
       0
       0
       1
       0
       0
       3
       0
       1
       0
       0
       0
       1
       0
       0
       0
       1
       0
       0
       1
       1
       1
       0
       2
       2
       0
       1
       2
       2
       1
       0
       0
       1
       0
       0
       0
       1
       0
       1
       0
       0
       0
       0
       0
       0
       1
       2
       0
       1
       0
       0
       0
       0
       0
       1
       1
       1
       0
       1
       0
       0
       0
       1
       0
       0
       0
       0
       1
       0
       0
       0
       0
       0
       1
       0
       0
       0
       0
       0
       0
       1
       0
       0
       1
       0
       1
       1
       1
       0
       1
       1
       1
       0
       0
       0
       0
       0
       0
       0
       0
       0
       2
       1
       1
       0
       0
       1
       3
       1
       1
       1
       0
       1
       0
       1
       0
       1
       1
       0
       0
       1
       0
       0
       1
       1
       1
       0
       0
       0
       0
       0
       1
       0
       1
       0
       1
       0
       1
       0
       0
       0
       0
       0
       0
       1
       1
       0
       0
       0
       0
       0
       0
       0
       1
       0
       0
       0
       0
       0
       0
       1
       0
       0
       0
       0
       1
       0
       1
       0
       2
       1
       0
       0
       2
       0
       0
       0
       1
       0
       0
       0
       0
       0
       0
       0
       0
       0
       0
       0
       1
       0
       0
       0
       1
       0
       0
       1
       1
       1
       1
       1
       0
       1
       1
       0
       0
       0
       0
       0
       0
       1
       0
       1
       1
       1
       0
       0
       1
       0
       1
       0
       1
       0
       0
       0
       0
       1
       0
       2
       0
       0
       0
       1
       0
       0
       2
       0
       0
       0
       1
       0
       0
       2
       0
       0
       0
       1
       0
       1
       0
       0
       0
       1
       1
       1
       0
       0
       1
       0
       2
       0
       0
       0
       0
       0
       0
       1
       0
       0
       1
       0
       1
       1
       0
       1
       0
       0
       0
       0
       1
       0
       0
       0
       0
       0
       2
       0
       0
       0
       0
       0
       2
       0
       0
       0
       1
       1
       0
       0
       0
       0
       0
       1
       0
       1
       1
       0
       0
       0
       1
       1
       0
       0
       0
       0
       0
       0
       2
       0
       0
       1
       0
       1
       0
       1
       0
       1
       0
       0
       2
       0
       2
       1
       1
       0
       1
       1
       1
       0
       1
       1
       0
       1
       0
       0
       1
       0
       1
       0
       0
       0
       0
       1
       0
       0
       1
       0
       1
       0
       0
       1
       0
       0
       0
       0
       1
       1
       1
       0
       0
       1
       1
       0
       2
       0
       0
       0
       0
       1
       0
       0
       0
       1
       1
       0
       1
       1
       0
       0
       1
       1
       0
       0
       0
       0
       0
       1
       0
       0
       3
       0
       0
       1
       0
       0
       0
       2
       0
       0
       0
       0
       0
       0
       0
       0
       0
       0
       0
       0
       1
       0
       0
       1
       0
       0
       0
       0
       0
       0
       1
       1
       1
       0
       0
       1
       0
       2
       2
       0
       0
       0
       1
       0
       0
       0
       0
       1
       0
       0
       0
       0
       0
       1
       0
       0
       0
       0
       1
       1
       0
       2
       1
       2
       0
       0
       0
       0
       0
       1
       1
       1
       0
       0
       0
       0
       0
       1
       0
       1
       0
       0
       1
       0
       0
       1
       0
       0
       0
       0
       0
       2
       0
       0
       1
       0
       0
       1
       1
       1
       0
       0
       0
       0
       0
       0
       0
       0
       0
       0
       1
       0
       0
       0
       0
       1
       0
       0
       3
       0
       0
       0
       0
       0
       0
       0
       0
       0
       0
       0
       0
       1
       1
       1
       0
       0
       0
       0
       0
       1
       0
       0
       0
       1
       0
       0
       0
       0
       1
       0
       0
       1
       0
       1
       0
       0
       0
       0
       0
       1
       2
       1
       0
       0
       0
       0
       0
       1
       1
       0
       0
       0
       0
       0
       0
       0
       0
       0
       0
       1
       0
       0
       1
       1
       0
       0
       1
       0
       0
       0
       1
       1
       3
       0
       0
       3
       0
       1
       0
       1
       0
       0
       0
       1
       0
       1
       0
       0
       1
       0
       0
       0
       0
       1
       1
       3
       1
       0
       0
       0
       0
       1
       1
       0
       0
       0
       2
       1
       0
       0
       0
       0
       0
       0
       0
       0
       0
       0
       1
       1
       0
       1
       0
       0
       0
       0
       0
       0
       0
       1
       0
       1
       0
       1
       0
       0
       0
       0
       0
       0
       1
       0
       1
       0
       2
       0
       1
       0
       0
       1
       0
       1
       0
       0
       0
       0
       0
       1
       0
       0
       1
       0
       1
       0
       1
       1
       0
       1
       1
       0
       1
       1
       0
       0
       0
       0
       0
       0
       0
       1
       1
       0
       0
       0
       0
       0
       0
       0
       0
       0
       0
       0
       0
       0
       0
       0
       1
       1
       0
       0
       0
       0
       0
       0
       0
       0
       0
       0
       1
       0
       0
       0
       0
       0
       0
       0
       1
       1
       0
       0
       0
       0
       1
       0
       0
       0
       1
       0
       1
       0
       1
       0
       0
       0
       0
       0
       1
       0
       1
       1
       0
       0
       0
       0
       1
       0
       0
       0
       0
       0
       0
       0
       0
       0
       0
       0
       3
       0
       0
       1
       0
       0
       0
       1
       1
       0
       1
       0
       1
       0
       0
       1
       0
       0
       0
       0
       1
       0
       0
       1
       0
       2
       1
       0
       0
       0
       0
       0
       1
       0
       0
       1
       0
       0
       1
       0
       0
       0
       1
       0
       0
       0
       0
       0
       0
       0
       0
       1
       0
       0
       0
       0
       0
       1
       1
       2
       0
       1
       0
       1
       0
       0
       1
       0
       0
       0
       0
       0
       0
       0
       1
       0
       0
       1
       1
       0
       0
       0
       0
       0
       0
       0
       0
       0
       0
       0
       2
       0
       2
       1
       1
       0
       0
       0
       0
       1
       1
       3
       0
       1
       2
       1
       0
       2
       0
       0
       1
       0
       0
       1
       0
       0
       2
       0
       2
       0
       0
       0
       0
       0
       0
       0
       0
       0
       0
       0
       0
       0
       0
       0
       0
       0
       0
       0
       0
       0
       1
       0
       0
       0
       0
       0
       0
       0
       0
       0
       2
       0
       0
       0
       1
       0
       0
       0
       1
       1
       0
       2
       0
       0
       0
       0
       0
       0
       2
       0
       0
       0
       0
       0
       0
       0
       1
       0
       0
       1
       0
       0
       0
       0
       0
       0
       0
       0
       0
       0
       0
       0
       0
       0
       0
       0
       0
       0
       0
       0
       0
       0
       2
       0
       0
       0
       1
       0
       0
       0
       0
       0
       0
       0
       2
       0
       0
       0
       0
       1
       0
       0
       0
       1
       0
       0
       0
       0
       0
       0
       1
       0
       0
       0
       1
       0
       0
       0
       0
       0
       0
       0
       0
       0
       0
       0
       0
       1
       0
       0
       0
       0
       0
       0
       0
       0
       0
       0
       0
       0
       0
       0
       0
       0
       0
       0
       1
       0
       0
       0
       1
       1
       0
       1
       0
       1
       0
       0
       1
       0
       1
       0
       1
       0
       0
       0
       0
       0
       0
       0
       2
       0
       0
       0
       2
       0
       0
       0
       0
       0
       0
       0
       0
       0
       0
       0
       1
       0
       1
       0
       0
       0
       1
       0
       0
       0
       0
       1
       0
       0
       1
       0
       0
       0
       0
       0
       1
       0
       0
       0
       0
       0
       0
       0
       0
       0
       0
       0
       0
       1
       0
       0
       0
       0
       0
       0
       0
       0
       0
       0
       0
       0
       1
       0
       0
       0
       0
       0
       1
       0
       0
       0
       0
       0
       0
       0
       0
       1
       0
       0
       0
       0
       0
       0
       0
       0
       0
       0
       0
       0
       0
       0
       1
       0
       0
       1
       1
       0
       0
       1
       0
       0
       0
       0
       0
       1
       0
       0
       0
       0
       2
       0
       0
       0
       0
       0
       0
       0
       0
       0
       1
       0
       1
       1
       0
       0
       0
       1
       0
       0
       0
       0
       0
       0
       1
       1
       0
       0
       0
       0
       1
       0
       0
       0
       0
       0
       0
       1
       0
       0
       1
       0
       0
       0
       0
       1
       0
       1
       0
       1
       1
       0
       0
       0
       0
       0
       0
       0
       1
       0
       0
       0
       1
       0
       1
       0
       1
       1
       1
       0
       0
       1
       0
       1
       1
       0
       1
       0
       0
       1
       0
       0
       0
       1
       0
       0
       0
       0
       0
       0
       1
       0
       0
       0
       0
       0
       0
       0
       0
       0
       1
       0
       0
       1
       1
       0
       0
       2
       0
       0
       0
       1
       0
       1
       0
       0
       0
       0
       1
       1
       0
       1
       0
       0
       0
       1
       0
       0
       0
       0
       0
       0
       0
       1
       0
       2
       0
       0
       1
       0
       0
       0
       1
       0
       0
       1
       0
       1
       0
       0
       0
       0
       0
       0
       0
       0
       0
       0
       0
       0
       0
       0
       0
       0
       0
       0
       0
       0
       0
       0
       1
       0
       0
       0
       0
       1
       0
       0
       2
       0
       0
       0
       0
       0
       0
       0
       0
       0
       1
       0
       0
       0
       0
       0
       0
       0
       0
       0
       0
       1
       0
       1
       0
       1
       0
       0
       1
       0
       0
       0
       0
       0
       0
       0
       0
       0
       0
       0
       1
       0
       0
       0
       0
       1
       0
       0
       0
       0
       0
       0
       0
       0
       0
       0
       0
       0
       0
       0
       1
       0
       0
       2
       0
       0
       0
       0
       1
       0
       0
       0
       1
       0
       0
       0
       1
       1
       1
       0
       0
       0
       0
       0
       0
       0
       0
       0
       0
       0
       0
       0
       0
       0
       0
       0
       1
       0
       0
       1
       1
       0
       2
       0
       0
       1
       0
       0
       0
       0
       1
       0
       0
       0
       0
       0
       0
       0
       0
       0
       0
       0
       0
       0
       0
       1
       0
       1
       0
       0
       0
       0
       0
       0
       0
       0
       0
       0
       1
       1
       0
       0
       0
       1
       0
       0
       0
       0
       1
       0
       1
       0
       1
       1
       0
       1
       0
       0
       0
       0
       0
       0
       1
       0
       0
       0
       0
       0
       0
       0
       0
       1
       0
       0
       1
       0
       1
       0
       0
       0
       0
       0
       0
       1
       0
       0
       0
       0
       0
       0
       0
       1
       0
       1
       0
       0
       0
       0
       0
       2
       0
       0
       0
       0
       0
       0
       0
       0
       0
       1
       1
       0
       0
       0
       0
       0
       1
       0
       0
       0
       0
       0
       0
       1
       0
       0
       0
       0
       0
       1
       0
       0
       0
       0
       1
       0
       0
       0
       0
       0
       0
       0
       0
       0
       0
       1
       1
       0
       0
       0
       1
       0
       0
       0
       0
       0
       0
       0
       1
       0
       0
       1
       1
       0
       0
       0
       0
       0
       0
       1
       1
       1
       0
       0
       0
       0
       1
       0
       0
       3
       0
       0
       0
       0
       0
       0
       0
       0
       0
       0
       0
       0
       0
       0
       1
       0
       1
       0
       0
       1
       0
       1
       0
       1
       0
       0
       0
       0
       0
       0
       0
       0
       0
       0
       0
       0
       0
       0
       0
       1
       0
       0
       1
       0
       1
       1
       0
       0
       0
       0
       0
       1
       1
       0
       0
       0
       0
       0
       0
       1
       0
       0
       0
       0
       0
       0
       0
       0
       1
       0
       1
       1
       0
       0
       0
       0
       1
       1
       0
       0
       0
       1
       0
       1
       0
       0
       0
       0
       0
       1
       1
       1
       0
       1
       0
       0
       0
       0
       0
       0
       0
       0
       0
       0
       0
       0
       0
       0
       0
       0
       1
       0
       1
       0
       0
       0
       0
       0
       0
       0
       0
       0
       0
       1
       0
       1
       0
       0
       0
       0
       1
       1
       0
       0
       0
       0
       1
       0
       0
       1
       0
       0
       0
       0
       0
       0
       0
       0
       0
       1
       0
       0
       0
       0
       0
       0
       0
       0
       0
       0
       0
       0
       0
       0
       0
       0
       0
       0
       0
       0
       0
       0
       0
       0
       0
       1
       0
       0
       0
       0
       0
       0
       0
       0
       0
       0
       0
       0
       0
       3
       0
       0
       0
       1
       0
       1
       0
       0
       0
       0
       0
       0
       1
       0
       1
       0
       0
       0
       0
       0
       0
       0
       0
       0
       1
       0
       1
       0
       0
       0
       0
       0
       0
       0
       0
       0
       0
       0
       0
       0
       1
       0
       0
       1
       0
       1
       1
       0
       0
       1
       1
       0
       0
       0
       0
       1
       0
       1
       0
       0
       0
       2
       0
       0
       0
       0
       0
       0
       0
       0
       0
       1
       0
       0
       0
       0
       0
       0
       0
       0
       0
       0
       2
       0
       0
       2
       0
       0
       0
       0
       1
       0
       0
       0
       1
       0
       0
       1
       0
       0
       0
       0
       0
       0
       0
       1
       2
       0
       0
       1
       0
       0
       0
       0
       0
       1
       0
       0
       0
       1
       1
       1
       0
       0
       1
       0
       0
       0
       0
       0
       0
       0
       0
       0
       0
       0
       0
       0
       0
       0
       0
       0
       0
       0
       0
       1
       1
       0
       0
       1
       1
       0
       0
       0
       0
       0
       0
       0
       0
       0
       0
       0
       0
       0
       1
       0
       2
       0
       0
       0
       0
       1
       1
       0
       0
       0
       0
       1
       0
       0
       0
       1
       0
       0
       0
       1
       0
       0
       1
       0
       0
       0
       0
       0
       1
       0
       0
       1
       1
       0
       0
       0
       0
       0
       2
       0
       0
       0
       0
       0
       0
       0
       0
       0
       0
       0
       1
       1
       0
       0
       1
       0
       0
       0
       0
       0
       0
       0
       0
       0
       0
       0
       0
       0
       0
       0
       1
       1
       0
       0
       0
       0
       0
       1
       0
       0
       0
       0
       0
       0
       0
       1
       0
       1
       0
       0
       0
       0
       0
       0
       0
       0
       0
       0
       0
       0
       0
       0
       0
       0
       1
       1
       1
       1
       0
       0
       0
       1
       0
       0
       0
       0
       0
       0
       0
       0
       0
       0
       0
       0
       0
       0
       0
       1
       0
       0
       0
       0
       0
       0
       1
       0
       1
       0
       0
       0
       0
       0
       0
       0
       0
       0
       0
       1
       0
       0
       0
       1
       0
       0
       1
       0
       0
       0
       1
       0
       0
       0
       0
       0
       0
       0
       0
       0
       1
       0
       0
       0
       1
       0
       0
       0
       0
       0
       0
       0
       0
       0
       0
       0
       0
       0
       0
       0
       0
       0
       0
       0
       0
       0
       0
       0
       0
       0
       0
       0
       1
       0
       0
       0
       0
       0
       0
       0
       0
       0
       0
       0
       0
       0
       1
       1
       0
       1
       2
       1
       1
       0
       0
       0
       2
       0
       0
       0
       0
       1
       0
       0
       0
       0
       0
       0
       0
       1
       0
       0
       0
       0
       0
       0
       0
       0
       0
       0
       0
       0
       0
       0
       0
       0
       0
       0
       0
       0
       0
       0
       0
       0
       0
       1
       0
       0
       0
       0
       0
       0
       0
       0
       1
       0
       0
       0
       0
       0
       0
       0
       0
       0
       1
       0
       0
       0
       0
       1
       1
       0
       0
       0
       0
       0
       0
       0
       1
       0
       0
       0
       1
       0
       1
       0
       1
       0
       0
       0
       0
       1
       0
       0
       0
       1
       0
       0
       0
       0
       0
       0
       0
       0
       2
       2
       1
       0
       0
       0
       0
       0
       0
       0
       1
       1
       0
       0
       1
       0
       0
       0
       0
       0
       0
       0
       2
       0
       0
       0
       0
       0
       0
       0
       0
       0
       0
       0
       0
       0
       0
       0
       0
       0
       1
       0
       0
       0
       0
       0
       0
       0
       1
       0
       0
       0
       0
       0
       0
       0
       0
       0
       1
       0
       0
       0
       0
       0
       0
       0
       0
       0
       1
       1
       0
       0
       0
       0
       1
       1
       0
       0
       0
       0
       0
       0
       2
       0
       1
       0
       0
       0
       0
       0
       0
       1
       0
       1
       1
       0
       0
       0
       0
       1
       0
       0
       0
       2
       0
       0
       0
       1
       0
       0
       0
       0
       0
       0
       0
       0
       0
       0
       0
       0
       1
       0
       0
       0
       0
       0
       0
       0
       0
       0
       0
       0
       0
       1
       0
       0
       0
       0
       0
       1
       0
       0
       0
       0
       0
       0
       0
       0
       1
       0
       0
       0
       0
       1
       1
       0
       0
       0
       0
       0
       0
       0
       0
       0
       0
       0
       0
       0
       0
       0
       0
       2
       0
       0
       0
       0
       0
       0
       0
       0
       0
       0
       0
       0
       0
       0
       0
       0
       0
       0
       0
       0
       0
       1
       0
       0
       0
       0
       0
       0
       0
       0
       0
       0
       0
       1
       0
       0
       0
       0
       0
       0
       0
       0
       0
       1
       0
       0
       0
       0
       0
       0
       0
       1
       0
       0
       0
       0
       0
       0
       0
       0
       0
       0
       0
       0
       0
       0
       0
       0
       0
       0
       1
       0
       0
       0
       0
       0
       0
       0
       0
       0
       0
       0
       0
       0
       0
       0
       0
       1
       0
       0
       0
       0
       0
       0
       0
       0
       0
       0
       0
       0
       0
       0
       0
       0
       0
       0
       0
       0
       0
       0
       0
       0
       0
       0
       0
       0
       0
       0
       0
       0
       0
       0
       0
       0
       0
       0
       0
       0
       0
       0
       0
       0
       0
       0
       0
       0
       0
       0
       0
       0
       0
       0
       0
       0
       0
       0
       0
       0
       0
       0
       0
       0
       0
       0
       0
       0
       0
       0
       0
       0
       0
       0
       0
       0
       0
       0
       0
       0
       0
       0
       0
       0
       0
       0
       0
       0
       0
       0
       0
       0
       0
       0
       0
       0
       0
       0
       1
       0
       0
       0
       0
       0
       0
       0
       0
       0
       0
       0
       0
       0
       0
       0
       0
       0
       0
       0
       0
       0
       0
       0
       0
       0
       0
       0
       0
       0
       0
       0
       0
       0
       0
       0
       0
       0
       0
       0
       0
       0
       0
       0
       0
       0
       0
       0
       0
       0
       0
       0
       0
       0
       0
       0
       0
       0
       0
       0
       0
       0
       0
       0
       0
       0
       0
       0
       0
       0
       0
       0
       0
       0
       0
       0
       0
       0
       0
       0
       0
       0
       0
       0
       0
       0
       0
       0
       0
       0
       0
       0
       0
       0
       0
       0
       0
       0
       0
       0
       0
       0
       0
       0
       0
       0
       0
       0
       0
       0
       0
       0
       0
       0
       0
       0
       0
       0
       0
       0
       0
       0
       0
       0
       0
       0
       0
       0
       0
       0
       0
       0
       0
       0
       0
       0
       0
       0
       0
       0
       0
       0
       0
       0
       0
       0
       0
       0
       0
       0
       0
       0
       0
       0
       0
       0
       0
       0
       0
       0
       0
       0
       0
       0
       0
       0
       0
       0
       0
       0
       0
       0
       0
       0
       0
       0
       0
       0
       0
       0
       0
       0
       0
       0
       0
       0
       0
       0
       0
       0
       0
       0
       0
       0
       0
       0
       0
       0
       0
       0
       0
       0
       0
       0
       0
       0
       0
       0
       0
       0
       0
       0
       0
       0
       0
       0
       0
       0
       0
       0
       0
       0
       0
       0
       0
       0
       0
       0
       0
       0
       0
       0
       0
       0
       0
       0
       0
       0
       0
       0
       0
       0
       0
       0
       0
       0
       0
       0
       0
       0
       0
       0
       0
       0
       0
       0
       0
       0
       0
       0
       0
       0
       0
       0
       0
       0
       0
       0
       0
       0
       0
       0
       0
       0
       0
       0
       0
       0
       0
       0
       0
       0
       0
       0
       0
       0
       0
       0
       0
       0
       0
       0
       0
       0
       0
       0
       0
       0
       0
       0
       0
       0
       0
       0
       0
       0
       0
       0
       0
       0
       0
       0
       0
       0
       0
       0
       0
       0
       0
       0
       0
       0
       0
       0
       0
       0
       0
       0
       0
       0
       0
       0
       0
       0
       0
       0
       0
       0
       0
       0
       0
       0
       0
       0
       0
       0
       0
       0
       0
       0
       0
       0
       0
       0
       0
       0
       0
       0
       0
       0
       0
       0
       0
       0
       0
       0
       0
       0
       0
       0
       0
       0
       0
       0
       0
       0
       0
       0
       0
       0
       0
       0
       0
       0
       0
       0
       0
       0
       0
       0
       0
       0
       0
       0
       0
       0
       0
       0
       0
       0
       0
       0
       0
       0
       0
       0
       0
       0
       0
       0
       0
       0
       0
       0
       0
       0
       0
       0
       0
       0
       0
       0
       0
       0
       0
       0
       0
       0
       0
       0
       0
       0
       0
       0
       0
       0
       0
       0
       0
       0
       0
       0
       0
       0
       0
       0
       0
       0
       0
       0
       0
       0
       0
       0
       0
       0
       0
       0
       0
       0
       0
       0
       0
       0
       0
       0
       0
       0
       0
       0
       0
       0
       0
       0
       0
       0
       0
       0
       0
       0
       0
       0
       0
       0
       0
       0
       0
       0
       0
       0
       0
       0
       0
       0
       0
       0
       0
       0
       0
       0
       0
       0
       0
       0
       0
       0
       0
       0
       0
       0
       0
       0
       0
       0
       0
       0
       0
       0
       0
       0
       0
       0
       0
       0
       0
       0
       0
       0
       0
       0
       0
       0
       0
       0
       0
       0
       0
       0
       0
       0
       0
       0
       0
       0
       0
       0
       0
       0
       0
       0
       0
       0
       0
       0
       0
       0
       0
       0
       0
       0
       0
       0
       0
       0
       0
       0
       1
       0
       0
       0
       0
       0
       0
       0
       0
       0
       0
       0
       0
       0
       0
       0
       0
       0
       0
       0
       0
       0
       0
       0
       0
       0
       0
       0
       0
       0
       0
       0
       0
       0
       0
       0
       0
       0
       0
       0
       0
       0
       0
       0
       0
       0
       0
       0
       0
       0
       0
       0
       0
       0
       0
       0
       0
       0
       0
       0
       0
       0
       0
       0
       0
       0
       0
       0
       0
       0
       0
       0
       0
       0
       0
       0
       0
       0
       0
       0
       0
       0
       0
       0
       0
       0
       0
       0
       0
       0
       0
       0
       0
       0
       0
       0
       0
       0
       0
       0
       0
       0
       0
       0
       0
       0
       0
       0
       0
       0
       0
       0
       0
       0
       0
       0
       0
       0
       0
       0
       0
       0
       0
       0
       0
       0
       0
       0
       0
       0
       0
       0
       0
       0
       0
       0
       0
       0
       0
       0
       0
       0
       0
       0
       0
       0
       0
       0
       0
       0
       0
       0
       0
       0
       0
       0
       0
       0
       0
       0
       0
       0
       0
       0
       0
       0
       0
       0
       0
       0
       0
       0
       0
       0
       0
       0
       0
       0
       0
       0
       0
       0
       0
       0
       0
       0
       0
       0
       0
       0
       0
       0
       0
       0
       0
       0
       0
       0
       0
       0
       0
       0
       0
       0
       0
       0
       0
       0
       0
       0
       0
       0
       0
       0
       0
       0
       0
       0
       0
       0
       0
       0
       0
       0
       0
       0
       0
       0
       0
       0
       0
       0
       0
       0
       0
       0
       0
       0
       0
       0
       0
       0
       0
       0
       0
       0
       0
       0
       0
       0
       0
       0
       0
       0
       0
       0
       0
       0
       0
       0
       0
       0
       0
       0
       0
       0
       0
       0
       0
       0
       0
       0
       0
       0
       0
       0
       0
       0
       0
       0
       0
       0
       0
       0
       0
       0
       0
       0
       0
       0
       0
       0
       0
       0
       0
       0
       0
       0
       0
       0
       0
       0
       0
       0
       0
       0
       0
       0
       0
       0
       0
       0
       0
       0
       0
       0
       0
       0
       0
       0
       0
       0
       0
       0
       0
       0
       0
       0
       0
       0
       0
       0
       0
       0
       0
       0
       0
       0
       0
       0
       0
       0
       0
       0
       0
       0
       0
       0
       0
       0
       0
       0
       0
       0
       0
       0
       0
       0
       0
       0
       0
       0
       0
       0
       0
       0
       0
       0
       0
       0
       0
       0
       0
       0
       0
       0
       0
       0
       0
       0
       0
       0
       0
       0
       0
       0
       0
       0
       0
       0
       0
       0
       0
       0
       0
       0
       0
       0
       0
       0
       0
       0
       0
       0
       0
       0
       0
       0
       0
       0
       0
       0
       0
       0
       0
       0
       0
       0
       0
       0
       0
       0
       0
       0
       0
       0
       0
       0
       0
       0
       0
       0
       0
       0
       0
       0
       0
       0
       0
       0
       0
       0
       0
       0
       0
       0
       0
       0
       0
       0
       0
       0
       0
       0
       0
       0
       0
       0
       0
       0
       0
       0
       0
       0
       0
       0
       0
       0
       0
       0
       0
       0
       0
       0
       0
       0
       0
       0
       0
       0
       0
       0
       0
       0
       0
       0
       0
       0
       0
       0
       0
       0
       0
       0
       0
       0
       0
       0
       0
       0
       0
       0
       0
       0
       0
       0
       0
       0
       0
       0
       0
       0
       0
       0
       0
       0
       0
       0
       0
       0
       0
       0
       0
       0
       0
       0
       0
       0
       0
       0
       0
       0
       0
       0
       0
       0
       0
       0
       0
       0
       0
       0
       0
       0
       0
       0
       0
       0
       0
       0
       0
       0
       0
       0
       0
       0
       0
       0
       0
       0
       0
       0
       0
       0
       0
       0
       0
       0
       0
       0
       0
       0
       0
       0
       0
       0
       0
       0
       0
       0
       0
       0
       0
       0
       0
       0
       0
       0
       0
       0
       0
       0
       0
       0
       0
       0
       0
       0
       0
       0
       0
       0
       0
       0
       0
       0
       0
       0
       0
       0
       0
       0
       0
       0
       0
       0
       0
       0
       0
       0
       0
       0
       0
       0
       0
       0
       0
       0
       0
       0
       0
       0
       0
       0
       0
       0
       0
       0
       0
       0
       0
       0
       0
       0
       0
       0
       0
       0
       0
       0
       0
       0
       0
       0
       0
       0
       0
       0
       0
       0
       0
       0
       0
       0
       0
       0
       0
       0
       0
       0
       0
       0
       0
       0
       0
       0
       0
       0
       0
       0
       0
       0
       0
       0
       0
       0
       0
       0
       0
       0
       0
       0
       0
       0
       0
       0
       0
       0
       0
       0
       0
       0
       0
       0
       0
       0
       0
       0
       0
       0
       0
       0
       0
       0
       0
       0
       0
       0
       0
       0
       0
       0
       0
       0
       0
       0
       0
       0
       0
       0
       0
       0
       0
       0
       0
       0
       0
       0
       0
       0
       0
       0
       0
       0
       0
       0
       0
       0
       0
       0
       0
       0
       0
       0
       0
       0
       0
       0
       0
       0
       0
       0
       0
       0
       0
       0
       0
       0
       0
       0
       0
       0
       0
       0
       0
       0
       0
       0
       0
       0
       0
       0
       0
       0
       0
       0
       0
       0
       0
       0
       0
       0
       0
       0
       0
       0
       0
       0
       0
       0
       0
       0
       0
       0
       0
       0
       0
       0
       0
       0
       0
       0
       0
       0
       0
       0
       0
       0
       0
       0
       0
       0
       0
       0
       0
       0
       0
       0
       0
       0
       0
       0
       0
       0
       0
       0
       0
       0
       0
       0
       0
       0
       0
       0
       0
       0
       0
       0
       0
       0
       0
       0
       0
       0
       0
       0
       0
       0
       0
       0
       0
       0
       0
       0
       0
       0
       0
       0
       0
       0
       0
       0
       0
       0
       0
       0
       0
       0
       0
       0
       0
       0
       0
       0
       0
       0
       0
       0
       0
       0
       0
       0
       0
       0
       0
       0
       0
       0
       0
       0
       0
       0
       0
       0
       0
       0
       0
       0
       0
       0
       0
       0
       0
       0
       0
       0
       0
       0
       0
       0
       0
       0
       0
       0
       0
       0
       0
       0
       0
       0
       0
       0
       0
       0
       0
       0
       0
       0
       0
       0
       0
       0
       0
       0
       0
       0
       0
       0
       0
       0
       0
       0
       0
       0
       0
       0
       0
       0
       0
       0
       0
       0
       0
       0
       0
       0
       0
       0
       0
       0
       0
       0
       0
       0
       0
       0
       0
       0
       0
       0
       0
       0
       0
       0
       0
       0
       0
       0
       0
       0
       0
       0
       0
       0
       0
       0
       0
       0
       0
       0
       0
       0
       0
       0
       0
       0
       0
       0
       0
       0
       0
       0
       0
       0
       0
       0
       0
       0
       0
       0
       0
       0
       0
       0
       0
       0
       0
       0
       0
       0
       0
       0
       0
       0
       0
       0
       0
       0
       0
       0
       0
       0
       0
       0
       0
       0
       0
       0
       0
       0
       0
       0
       0
       0
       0
       0
       0
       0
       0
       0
       0
       0
       0
       0
       0
       0
       0
       0
       0
       0
       0
       0
       0
       0
       0
       0
       0
       0
       0
       0
       0
       0
       0
       0
       0
       0
       0
       0
       0
       0
       0
       0
       0
       0
       0
       0
       0
       0
       0
       0
       0
       0
       0
       0
       0
       0
       0
       0
       0
       0
       0
       0
       0
       0
       0
       0
       0
       0
       0
       0
       0
       0
       0
       0
       0
       0
       0
       0
       0
       0
       0
       0
       0
       0
       0
       0
       0
       0
       0
       0
       0
       0
       0
       0
       0
       0
       0
       0
       0
       0
       0
       0
       0
       0
       0
       0
       0
       0
       0
       0
       0
       0
       0
       0
       0
       0
       0
       0
       0
       0
       0
       0
       0
       0
       0
       0
       0
       0
       0
       0
       0
       0
       0
       0
       0
       0
       0
       0
       0
       0
       0
       0
       0
       0
       0
       0
       0
       0
       0
       0
       0
       0
       0
       0
       0
       0
       0
       0
       0
       0
       0
       0
       0
       0
       0
       0
       0
       0
       0
       0
       0
       0
       0
       0
       0
       0
       0
       0
       0
       0
       0
       0
       0
       0
       0
       0
       0
       0
       0
       0
       0
       0
       0
       0
       0
       0
       0
       0
       0
       0
       0
       0
       0
       0
       0
       0
       0
       0
       0
       0
       0
       0
       0
       0
       0
       0
       0
       0
       0
       0
       0
       0
       0
       0
       0
       0
       0
       0
       0
       0
       0
       0
       0
       0
       0
       0
       0
       0
       0
       0
       0
       0
       0
       0
       0
       0
       0
       0
       0
       0
       0
       0
       0
       0
       0
       0
       0
       0
       0
       0
       0
       0
       0
       0
       0
       0
       0
       0
       0
       0
       0
       0
       0
       0
       0
       0
       0
       0
       0
       0
       0
       0
       0
       0
       0
       0
       0
       0
       0
       0
       0
       0
       0
       0
       0
       0
       0
       0
       0
       0
       0
       0
       0
       0
       0
       0
       0
       0
       0
       0
       0
       0
       0
       0
       0
       0
       0
       0
       0
       0
       0
       0
       0
       0
       0
       0
       0
       0
       0
       0
       0
       0
       0
       0
       0
       0
       0
       0
       0
       0
       0
       0
       0
       0
       0
       0
       0
       0
       0
       0
       0
       0
       0
       0
       0
       0
       0
       0
       0
       0
       0
       0
       0
       0
       0
       0
       0
       0
       0
       0
       0
       0
       0
       0
       0
       0
       0
       0
       0
       0
       0
       0
       0
       0
       0
       0
       0
       0
       0
       0
       0
       0
       0
       0
$ROI:
0
$PRESETS:
None
0
0
$ENER_FIT:
0.000000 0.000000
$MCA_CAL:
3
0.000000E+000 0.000000E+000 0.000000E+000 
$SHAPE_CAL:
3
0.000000E+000 0.000000E+000 0.000000E+000
