$SPEC_ID:
No sample description was entered.
$SPEC_REM:
DET# 1
DETDESC# ELIMED2-PC Easy-MCA-8k SN 19133189
AP# Maestro Version 7.01
$DATE_MEA:
12/16/2019 18:41:25
$MEAS_TIM:
1349 1349
$DATA:
0 8191
       0
       0
       0
       0
       0
       0
       0
       0
       0
       0
       0
       0
       0
       0
       0
       0
       0
       0
       0
       0
       0
       0
       1
       0
       6
       1
      22
      38
     104
     302
     903
    2341
    3174
    1913
    1481
    1300
    1217
    1075
     978
     809
     760
     687
     606
     527
     452
     413
     395
     313
     238
     208
     150
     135
     111
     105
     101
     106
     105
      86
      87
      88
      90
      89
      84
      73
      86
      74
      73
      86
      64
      59
      77
      65
      65
      69
      74
      71
      67
      46
      60
      65
      55
      57
      66
      64
      60
      50
      50
      49
      45
      56
      60
      67
      57
      53
      55
      49
      52
      45
      39
      48
      41
      47
      43
      47
      49
      43
      43
      48
      57
      40
      44
      54
      45
      44
      35
      52
      44
      34
      33
      45
      29
      30
      46
      51
      41
      34
      48
      32
      40
      36
      41
      29
      45
      31
      48
      36
      41
      41
      40
      35
      39
      37
      40
      40
      34
      33
      27
      29
      34
      28
      38
      26
      32
      43
      37
      32
      22
      36
      28
      27
      35
      27
      31
      38
      45
      26
      33
      27
      29
      30
      27
      30
      29
      28
      42
      25
      34
      28
      19
      23
      28
      31
      32
      36
      26
      25
      26
      33
      20
      25
      34
      29
      30
      18
      24
      31
      33
      27
      20
      32
      24
      38
      35
      31
      32
      28
      21
      25
      22
      27
      22
      31
      24
      14
      27
      25
      15
      20
      23
      30
      29
      25
      22
      21
      27
      31
      21
      28
      23
      28
      26
      27
      17
      26
      19
      35
      18
      23
      17
      23
      30
      18
      26
      14
      26
      22
      29
      22
      28
      18
      22
      24
      30
      22
      17
      25
      24
      24
      17
      16
      21
      26
      26
      27
      24
      22
      21
      24
      26
      15
      25
      17
      26
      22
      23
      28
      22
      24
      31
      23
      11
      23
      23
      20
      19
      27
      29
      26
      25
      22
      25
      22
      23
      27
      25
      25
      29
      26
      22
      19
      27
      25
      27
      14
      24
      21
      20
      23
      26
      24
      28
      23
      28
      25
      23
      18
      26
      30
      17
      26
      27
      20
      18
      23
      20
      16
      16
      21
      28
      32
      27
      16
      17
      25
      28
      31
      22
      25
      20
      27
      18
      18
      24
      19
      22
      17
       9
      29
      19
      22
      24
      20
      20
      21
      29
      22
      17
      30
      19
      20
      26
      20
      23
      25
      23
      20
      27
      24
      30
      18
      20
      22
      20
      29
      25
      19
      27
      27
      22
      22
      25
      20
      21
      37
      26
      28
      25
      14
      22
      19
      17
      34
      38
      20
      19
      23
      32
      28
      28
      21
      22
      20
      19
      24
      28
      24
      22
      23
      20
      18
      26
      24
      26
      31
      17
      28
      20
      18
      24
      21
      22
      22
      30
      26
      18
      31
      24
      28
      24
      22
      33
      26
      24
      29
      30
      28
      31
      17
      28
      40
      22
      22
      22
      20
      22
      25
      27
      29
      30
      28
      32
      19
      23
      35
      40
      16
      34
      27
      31
      30
      27
      30
      25
      23
      26
      26
      34
      27
      22
      30
      28
      25
      27
      32
      28
      29
      42
      25
      20
      33
      33
      26
      31
      28
      27
      26
      19
      36
      23
      31
      24
      39
      33
      28
      21
      35
      29
      24
      33
      23
      23
      31
      21
      31
      19
      32
      27
      24
      32
      26
      29
      25
      33
      24
      29
      37
      31
      31
      24
      27
      31
      33
      36
      25
      29
      37
      33
      32
      41
      33
      28
      28
      34
      24
      31
      26
      38
      23
      32
      24
      30
      32
      31
      27
      27
      39
      36
      31
      33
      20
      29
      32
      27
      25
      29
      20
      27
      25
      34
      27
      29
      32
      29
      28
      36
      37
      35
      23
      24
      21
      27
      23
      22
      40
      27
      32
      28
      15
      28
      29
      38
      23
      19
      33
      27
      31
      25
      24
      35
      23
      26
      26
      28
      34
      27
      29
      30
      41
      25
      26
      25
      37
      36
      33
      31
      16
      34
      21
      30
      31
      35
      32
      27
      32
      35
      29
      25
      34
      30
      28
      29
      27
      36
      37
      30
      40
      31
      37
      31
      42
      40
      32
      29
      30
      33
      29
      31
      36
      31
      41
      23
      32
      35
      33
      41
      38
      49
      42
      44
      33
      39
      40
      36
      37
      37
      35
      41
      37
      32
      42
      41
      35
      40
      36
      48
      48
      47
      43
      34
      46
      41
      51
      39
      52
      55
      42
      52
      49
      57
      51
      46
      44
      64
      53
      49
      64
      60
      61
      45
      51
      67
      65
      82
      72
      67
      70
      69
      71
      82
      86
      77
      65
      91
      97
      94
      83
      98
     127
      99
      98
     107
     119
     127
     122
     105
     106
     109
     118
     122
     144
     135
     130
     134
     124
     142
     141
     130
     170
     137
     174
     171
     158
     186
     162
     178
     167
     177
     168
     187
     227
     197
     206
     228
     199
     194
     213
     200
     212
     213
     249
     203
     242
     250
     267
     254
     258
     259
     243
     245
     274
     276
     278
     247
     246
     285
     293
     256
     328
     278
     282
     291
     322
     330
     282
     323
     328
     328
     306
     331
     299
     342
     325
     327
     307
     330
     347
     295
     342
     317
     360
     325
     322
     342
     321
     326
     320
     333
     336
     291
     328
     336
     347
     315
     367
     304
     326
     275
     357
     347
     319
     344
     315
     307
     327
     323
     341
     302
     315
     326
     340
     334
     292
     283
     292
     283
     284
     300
     276
     313
     310
     273
     303
     268
     280
     267
     267
     274
     295
     238
     280
     249
     259
     265
     264
     242
     248
     257
     248
     240
     233
     219
     272
     218
     205
     223
     227
     216
     211
     230
     220
     178
     210
     214
     184
     206
     201
     196
     193
     195
     192
     188
     193
     183
     196
     184
     188
     163
     173
     164
     160
     150
     189
     154
     173
     184
     151
     161
     134
     153
     131
     144
     121
     138
     159
     136
     123
     133
     143
     122
     153
     129
     121
     145
     118
     135
     114
     128
     138
     132
     126
     121
     125
     103
     113
     117
     108
     104
     112
     114
     109
     107
     115
     107
      95
      89
      94
     104
      85
     113
     104
     102
     103
     109
     100
      93
      95
     111
      80
      88
     105
      88
      86
      73
      75
      85
      83
      80
      95
      78
      90
      74
      77
      73
     100
      78
      71
      71
      90
      70
      65
      76
      72
      93
      80
      86
      79
      71
      72
      62
      60
      68
      75
      52
      78
      77
      57
      87
      70
      56
      67
      60
      70
      60
      72
      51
      47
      73
      74
      70
      76
      69
      54
      65
      55
      61
      64
      52
      56
      49
      63
      59
      67
      63
      56
      61
      65
      63
      65
      61
      62
      47
      58
      54
      51
      63
      59
      54
      58
      63
      39
      44
      49
      59
      38
      53
      39
      38
      60
      55
      60
      57
      42
      47
      53
      49
      56
      39
      46
      50
      52
      49
      52
      50
      36
      44
      45
      44
      47
      39
      49
      51
      47
      39
      31
      41
      47
      53
      47
      43
      46
      45
      51
      32
      41
      30
      42
      42
      35
      32
      52
      40
      46
      45
      35
      53
      42
      38
      43
      42
      31
      31
      44
      58
      46
      42
      38
      37
      38
      53
      52
      45
      49
      41
      44
      37
      38
      33
      56
      45
      39
      31
      27
      34
      46
      45
      44
      53
      30
      46
      34
      38
      38
      35
      42
      34
      39
      50
      38
      37
      29
      36
      37
      42
      42
      40
      29
      38
      35
      32
      28
      30
      38
      31
      31
      24
      26
      33
      36
      32
      32
      45
      32
      24
      36
      39
      45
      27
      31
      27
      31
      30
      27
      25
      47
      22
      28
      26
      27
      41
      35
      35
      28
      35
      24
      37
      26
      35
      25
      28
      36
      27
      28
      33
      33
      24
      29
      24
      28
      39
      34
      35
      34
      26
      26
      30
      28
      27
      26
      33
      27
      29
      25
      36
      30
      30
      28
      36
      35
      30
      28
      27
      38
      27
      27
      27
      24
      19
      38
      22
      26
      19
      20
      26
      27
      34
      28
      30
      25
      27
      21
      34
      29
      17
      17
      21
      29
      27
      27
      31
      27
      21
      31
      35
      27
      29
      37
      29
      27
      27
      24
      22
      23
      19
      21
      36
      34
      26
      19
      29
      24
      24
      21
      29
      28
      23
      21
      23
      18
      24
      25
      30
      19
      25
      22
      23
      31
      27
      26
      25
      22
      19
      24
      21
      18
      17
      21
      21
      23
      19
      19
      22
      23
      25
      19
      25
      28
      22
      27
      16
      23
      19
      20
      23
      24
      20
      18
      27
      23
      28
      17
      27
      23
      13
      30
      25
      28
      20
      24
      16
      20
      19
      18
      19
      16
      23
      17
      20
      17
      26
      18
      24
      19
      23
      19
      23
      20
      20
      29
      24
      16
      16
      18
      16
      16
      13
      16
      16
      30
      24
      19
      26
      17
      21
      29
      22
      22
      21
      13
      17
      15
      18
      16
      21
      17
      17
      16
      17
      18
      19
      28
      23
      14
      18
      19
      12
      12
      21
      18
      19
      18
      14
      21
      20
      18
      21
      16
      19
      23
      19
      18
      12
      16
      12
      18
      10
      21
      11
      20
      19
      15
      13
      14
      15
      23
      15
      12
      16
      16
      20
      20
      17
      20
      22
      15
      17
      19
      20
      23
      16
      19
      14
      18
      21
      12
      19
      14
      12
      17
      21
      18
      13
      20
      20
      15
      25
      21
      20
      17
      14
      13
      12
      14
      14
      13
      16
      12
      16
      16
      19
      21
      20
      17
      11
      16
      10
      18
      12
      26
      11
      14
      20
      10
      16
      15
      14
      24
      15
      20
      14
      10
       6
      19
      20
      13
      15
      12
      19
      16
      10
      18
      12
      19
      18
      17
       7
      12
      25
      10
      18
      12
      13
      15
      12
      13
      12
       8
      13
      13
      13
      22
      11
      10
      15
      11
      14
      13
      13
      13
      15
      11
       9
      15
      12
      15
      12
      13
      12
      13
      13
      15
      12
      18
      14
      13
      15
      12
      17
      12
      17
       6
      16
      15
      13
       5
      12
      14
      11
      14
      10
      10
      10
       9
      14
       6
      11
      10
      10
      16
       9
      18
      13
       5
       8
      11
      11
       7
       8
       9
      15
       9
       8
      11
      17
      12
      11
      12
       9
      11
       4
       9
      17
      12
      14
      15
      16
      14
      13
       8
      10
       8
      13
      12
       5
       7
      11
       7
      10
       7
      15
       9
       8
       9
       8
      11
      13
       7
      11
       7
      11
      15
      11
      12
      12
      12
       9
       9
       9
      14
      10
       8
       8
      11
       8
       9
      12
       5
       6
      10
      14
       9
       8
       5
       9
       6
       7
       7
      14
       9
       8
       8
       7
      15
       7
      10
      11
       6
       5
       4
      15
       7
      11
       9
      10
       3
       9
       9
       9
       6
       6
       7
      10
       8
       7
      10
       5
       4
       4
       7
       9
      11
       9
       9
       9
       5
      13
      10
       5
      12
       7
      11
      12
      11
       9
       8
       7
       7
       7
       6
      13
      14
       9
      10
       5
      13
      14
      12
      12
       6
       5
      14
      11
       4
      11
       6
      12
      11
       6
      17
       2
       9
       9
      16
       5
      11
       4
       1
      11
       4
      12
       9
       7
       7
       9
       8
      10
       6
       7
      10
       6
       4
       8
       8
       4
       5
       9
       7
      13
       9
      11
       9
      10
       4
       8
       3
       7
       8
      15
       8
       4
      11
       5
       9
       3
       4
       7
      10
       5
      10
       4
       4
       3
       5
       7
       8
       6
       8
       5
       6
       5
       4
       7
       8
       8
       2
      13
       4
       9
      17
       7
       5
       2
       9
       5
       5
       4
       8
       9
      12
       8
       6
       4
       4
      11
       8
       5
       6
       3
       4
       5
       4
       3
       9
       7
       6
       7
       8
       5
       9
       7
       6
       7
       6
      10
       4
       5
       6
       6
       6
       6
       5
      10
       2
      11
       7
       3
       6
       4
       6
       7
       5
       6
       8
       6
       6
       4
       7
       6
       6
       6
       9
       8
       6
       2
       3
       7
       7
       6
       6
       9
       3
       4
       5
       4
      10
       5
       5
       6
      10
       3
       6
       6
       6
       2
      11
       6
       7
       4
       7
       9
       8
      11
       7
       5
       6
       8
       6
      11
       5
       9
       5
       5
       6
       4
       7
       3
       9
       6
       2
       5
       6
       4
       8
       4
       7
       8
       3
       2
       3
       5
       6
       5
       6
       5
       6
       6
       5
       1
       2
       2
       3
       5
       4
       9
       5
       4
       3
       7
       8
       8
       7
       5
       5
       8
       8
       4
       4
       4
       9
       2
       3
      10
       3
       7
       5
       7
       5
       9
       1
       9
       7
       4
       6
       2
       7
       7
       8
       8
       4
       4
       3
       2
       1
       2
       2
       1
       7
       7
       6
       4
       6
       5
       4
       6
       8
       6
       5
      10
       6
       8
       9
       7
       4
       3
       4
       6
       4
       5
       7
       6
       8
       6
       3
       7
       5
       5
       9
       2
       6
       5
       3
       8
       2
       5
       4
       5
       3
       3
       5
       5
       7
       5
       3
       4
       3
       2
       2
       3
       5
       4
       5
       6
       4
       6
       4
       2
       5
       3
       1
       6
       9
       6
       4
       5
       4
       4
       8
       6
       4
       6
      10
       6
       3
       3
       6
       4
       7
       3
       7
       2
       6
       3
       5
       9
       4
       3
       4
       6
       3
       3
       7
       3
       5
       3
       4
       9
       3
       5
       4
       4
       4
       3
       3
       5
       2
       4
       1
       3
       4
       4
       5
       3
       6
       6
       7
       5
       3
       3
       4
       4
       3
       5
       3
       3
       3
       7
       6
       3
       4
       4
       8
       4
       3
       4
       2
       2
       3
       3
       4
       6
       3
       4
       3
       3
       3
       3
       4
       1
       6
       3
       8
       5
       6
       7
       2
       7
       3
       4
       7
       1
       5
       2
       4
       5
       2
       4
       2
       4
       2
       3
       5
       2
       3
       1
       1
       3
       4
       6
       3
       0
       1
       2
       1
       3
       2
       6
       5
       4
       8
       3
       6
       2
       1
       5
       2
       9
       3
       5
       3
       1
       7
       6
       3
       2
       6
       7
       3
       5
       5
       3
       1
       4
       2
       3
       2
       6
       3
       5
       8
       2
       6
       2
       6
       2
       0
       2
       5
       1
       2
       6
       5
       5
       4
       1
       4
       4
       7
       4
       5
      10
       4
       1
       7
       3
       2
       6
       6
       2
       5
       4
       1
       2
       3
       4
       5
       1
       1
       4
       1
       1
       1
       2
       2
       1
       2
       2
       4
       3
       6
       1
       2
       3
       3
       4
       5
       2
       1
       4
       4
       4
       2
       3
       5
       2
       1
       4
       4
       9
       3
       5
       4
       5
       2
       4
       3
       2
       6
       3
       3
       2
       5
       0
       1
       4
       5
       4
       4
       1
       3
       3
       4
       3
       1
       3
       2
       4
       0
       1
       6
       4
       1
       1
       4
       5
       2
       2
       3
       2
       2
      11
       6
       6
       5
       6
       3
       3
       3
       3
       2
       2
       4
       6
       1
       2
       4
       3
       2
       2
       7
       3
       4
       4
       2
       1
       4
       5
       2
       4
       4
       2
       4
       6
       4
       4
       5
       2
       1
       2
       2
       0
       2
       3
       3
       2
       4
       3
       1
       3
       4
       1
       3
       5
       1
       6
       5
       3
       3
       1
       1
       4
       5
       4
       4
       4
       2
       6
       1
       4
       4
       2
       2
       1
       4
       3
       5
       5
       1
       6
       3
       5
       1
       0
       4
       4
       3
       1
       4
       8
       6
       3
       4
       4
       5
       3
       5
       4
       0
       2
       0
       3
       1
       2
       7
       3
       2
       1
       3
       3
       6
       3
       2
       4
       1
       2
       3
       7
       2
       3
       6
       3
       0
       1
       3
       1
       1
       4
       2
       2
       3
       0
       1
       4
       3
       4
       2
       4
       0
       2
       2
       1
       3
       8
       3
       2
       2
       7
       2
       3
       4
       2
       5
       5
       1
       2
       2
       3
       2
       6
       2
       0
       2
       3
       3
       3
       3
       3
       3
       3
       3
       2
       3
       3
       2
       2
       1
       2
       5
       2
       1
       4
       1
       0
       2
       1
       2
       2
       2
       3
       2
       2
       3
       4
       2
       4
       1
       1
       2
       4
       2
       1
       3
       2
       1
       3
       0
       2
       2
       3
       1
       4
       6
       3
       2
       5
       5
       0
       1
       4
       2
       3
       3
       2
       2
       0
       3
       2
       2
       2
       3
       2
       3
       2
       3
       2
       1
       1
       4
       3
       2
       4
       2
       2
       2
       3
       2
       3
       2
       4
       3
       4
       3
       3
       4
       3
       2
       5
       1
       3
       0
       5
       2
       1
       3
       2
       2
       6
       2
       4
       0
       0
       3
       2
       1
       2
       3
       1
       4
       1
       3
       3
       1
       1
       2
       3
       0
       3
       6
       1
       2
       1
       1
       1
       1
       2
       3
       1
       3
       2
       2
       0
       3
       0
       0
       1
       4
       2
       0
       2
       5
       0
       2
       4
       2
       1
       2
       1
       1
       2
       1
       5
       3
       1
       3
       0
       0
       4
       3
       4
       1
       6
       4
       3
       2
       1
       6
       4
       2
       2
       3
       1
       4
       4
       0
       0
       1
       2
       2
       1
       2
       0
       2
       1
       2
       1
       2
       1
       2
       1
       1
       1
       1
       0
       1
       2
       1
       1
       1
       0
       1
       2
       1
       2
       0
       2
       1
       1
       3
       6
       1
       1
       2
       1
       3
       1
       3
       1
       5
       1
       1
       3
       3
       0
       0
       4
       3
       1
       3
       3
       1
       2
       1
       0
       4
       2
       3
       3
       1
       1
       1
       2
       1
       2
       2
       0
       2
       2
       3
       1
       1
       1
       1
       0
       0
       2
       1
       6
       3
       1
       2
       0
       2
       1
       2
       2
       3
       2
       1
       0
       4
       2
       1
       1
       1
       1
       2
       0
       2
       3
       1
       0
       2
       1
       2
       1
       1
       1
       1
       0
       3
       5
       2
       1
       3
       3
       1
       1
       0
       2
       5
       2
       1
       4
       1
       1
       3
       3
       2
       3
       1
       0
       0
       1
       1
       0
       4
       3
       0
       1
       1
       2
       1
       1
       4
       1
       0
       1
       0
       2
       4
       1
       0
       4
       3
       2
       2
       0
       0
       2
       1
       4
       0
       3
       3
       2
       1
       2
       3
       0
       1
       1
       0
       3
       3
       1
       1
       0
       2
       3
       0
       0
       0
       1
       3
       1
       3
       1
       0
       3
       2
       0
       1
       1
       1
       2
       3
       1
       1
       1
       2
       0
       1
       0
       2
       3
       4
       1
       0
       1
       2
       0
       2
       4
       1
       3
       0
       2
       1
       2
       3
       1
       1
       0
       4
       2
       2
       0
       1
       1
       1
       0
       1
       0
       1
       3
       1
       0
       0
       0
       1
       1
       0
       1
       5
       0
       0
       2
       3
       3
       2
       2
       2
       1
       1
       2
       1
       1
       1
       2
       3
       2
       2
       0
       0
       2
       2
       2
       0
       2
       2
       1
       0
       1
       3
       1
       1
       2
       1
       1
       3
       1
       1
       3
       1
       1
       2
       3
       1
       2
       0
       0
       3
       3
       0
       2
       1
       2
       4
       3
       2
       0
       2
       2
       2
       1
       2
       2
       1
       0
       1
       2
       1
       2
       3
       2
       1
       1
       3
       0
       2
       1
       1
       1
       0
       0
       2
       0
       2
       1
       0
       0
       4
       3
       1
       1
       1
       2
       0
       4
       2
       0
       2
       1
       0
       1
       4
       2
       2
       2
       1
       3
       1
       0
       2
       2
       3
       1
       2
       0
       2
       1
       6
       1
       1
       0
       0
       1
       1
       0
       2
       2
       0
       1
       0
       0
       1
       2
       1
       3
       3
       0
       2
       2
       0
       4
       1
       2
       0
       1
       1
       1
       0
       2
       0
       2
       0
       1
       0
       0
       1
       3
       2
       1
       1
       1
       0
       1
       0
       0
       1
       0
       1
       2
       2
       2
       0
       1
       0
       1
       1
       1
       0
       2
       0
       2
       1
       0
       1
       2
       2
       0
       2
       0
       2
       1
       2
       1
       1
       0
       0
       2
       0
       2
       0
       2
       1
       2
       0
       2
       2
       0
       0
       1
       2
       0
       1
       2
       0
       0
       1
       0
       1
       1
       2
       2
       0
       0
       1
       2
       1
       2
       0
       0
       1
       0
       0
       0
       1
       2
       1
       0
       2
       0
       1
       0
       3
       2
       1
       1
       1
       2
       2
       2
       0
       0
       1
       5
       1
       0
       2
       1
       1
       4
       0
       0
       2
       2
       1
       2
       2
       0
       2
       2
       1
       1
       1
       2
       0
       0
       0
       5
       0
       2
       1
       1
       2
       0
       1
       0
       1
       1
       1
       1
       1
       0
       0
       3
       0
       0
       0
       0
       2
       1
       3
       1
       2
       0
       3
       1
       1
       3
       1
       2
       1
       0
       0
       0
       1
       3
       0
       1
       0
       1
       0
       0
       1
       0
       1
       1
       1
       1
       2
       3
       1
       0
       1
       2
       2
       2
       0
       0
       1
       0
       0
       2
       1
       0
       0
       2
       1
       0
       1
       2
       2
       0
       0
       2
       1
       0
       1
       2
       0
       0
       0
       1
       1
       1
       0
       0
       0
       1
       1
       0
       1
       2
       2
       0
       2
       1
       1
       3
       0
       0
       0
       1
       1
       1
       0
       1
       0
       1
       1
       0
       1
       3
       1
       3
       1
       1
       0
       1
       2
       1
       0
       1
       2
       2
       0
       1
       0
       0
       2
       1
       3
       1
       0
       1
       3
       0
       0
       1
       2
       0
       0
       1
       1
       0
       0
       0
       1
       2
       2
       3
       3
       0
       1
       1
       1
       1
       2
       0
       2
       1
       0
       1
       2
       0
       1
       1
       2
       0
       1
       1
       0
       0
       0
       0
       1
       1
       2
       1
       2
       1
       1
       1
       0
       1
       3
       0
       0
       1
       0
       2
       0
       1
       0
       3
       1
       2
       1
       0
       1
       2
       0
       1
       0
       1
       2
       0
       0
       0
       1
       1
       0
       2
       2
       3
       1
       0
       1
       2
       1
       1
       1
       2
       0
       0
       0
       1
       0
       0
       2
       0
       1
       2
       1
       0
       2
       2
       2
       1
       0
       2
       1
       0
       1
       1
       0
       1
       1
       0
       1
       0
       0
       1
       1
       0
       0
       3
       0
       1
       2
       1
       0
       2
       0
       2
       0
       1
       2
       1
       1
       1
       2
       1
       0
       0
       0
       1
       1
       1
       0
       1
       1
       0
       1
       0
       0
       1
       0
       0
       2
       0
       1
       0
       0
       1
       0
       2
       0
       1
       4
       2
       0
       0
       0
       1
       1
       1
       0
       0
       4
       2
       2
       0
       1
       0
       0
       1
       1
       0
       0
       2
       1
       1
       1
       2
       2
       0
       3
       0
       2
       0
       2
       1
       2
       3
       0
       0
       1
       0
       3
       0
       0
       1
       1
       1
       2
       0
       2
       0
       0
       2
       0
       1
       2
       0
       0
       1
       1
       2
       0
       0
       2
       2
       2
       1
       1
       1
       0
       1
       0
       1
       0
       0
       0
       0
       0
       0
       1
       2
       0
       1
       0
       0
       0
       0
       2
       1
       2
       3
       0
       0
       0
       0
       0
       0
       0
       2
       0
       0
       2
       0
       0
       0
       0
       2
       1
       2
       1
       1
       0
       2
       2
       1
       0
       0
       0
       1
       0
       1
       0
       0
       1
       0
       0
       0
       0
       1
       1
       1
       2
       0
       3
       0
       1
       1
       0
       1
       0
       0
       0
       2
       0
       1
       1
       1
       0
       1
       1
       1
       4
       0
       0
       0
       1
       1
       0
       0
       2
       1
       0
       2
       2
       0
       0
       1
       0
       1
       5
       0
       0
       0
       0
       2
       0
       0
       0
       0
       0
       1
       0
       0
       0
       1
       2
       1
       2
       0
       0
       0
       2
       1
       0
       3
       0
       0
       0
       0
       3
       1
       0
       1
       1
       0
       0
       0
       0
       0
       1
       0
       0
       4
       0
       2
       1
       0
       1
       0
       2
       0
       0
       0
       1
       0
       0
       1
       1
       1
       0
       1
       0
       0
       0
       0
       0
       1
       0
       0
       1
       0
       0
       0
       2
       1
       3
       0
       0
       0
       1
       2
       3
       0
       1
       0
       0
       0
       1
       0
       0
       1
       0
       0
       0
       1
       2
       0
       1
       2
       0
       1
       2
       0
       2
       1
       0
       0
       1
       1
       0
       0
       1
       1
       1
       1
       0
       0
       0
       0
       0
       1
       1
       0
       1
       0
       0
       0
       0
       0
       0
       0
       1
       2
       1
       2
       0
       0
       2
       0
       0
       3
       1
       0
       0
       1
       1
       2
       1
       2
       1
       1
       3
       2
       2
       0
       1
       0
       1
       1
       1
       0
       1
       1
       0
       0
       0
       1
       0
       1
       0
       0
       0
       0
       0
       2
       1
       1
       1
       1
       1
       3
       0
       0
       0
       0
       1
       1
       0
       1
       1
       0
       1
       0
       0
       0
       2
       1
       2
       0
       1
       1
       1
       0
       2
       0
       3
       2
       1
       1
       1
       1
       2
       1
       1
       1
       0
       1
       0
       0
       1
       0
       2
       1
       0
       0
       1
       1
       0
       0
       0
       0
       1
       2
       1
       0
       2
       1
       2
       0
       1
       1
       0
       2
       1
       0
       0
       1
       0
       0
       0
       0
       1
       0
       1
       0
       0
       0
       1
       0
       0
       0
       1
       1
       1
       0
       1
       0
       2
       0
       0
       0
       1
       2
       2
       1
       2
       0
       0
       0
       0
       0
       1
       2
       1
       0
       0
       0
       2
       0
       0
       0
       1
       0
       0
       0
       2
       0
       0
       1
       0
       0
       0
       0
       0
       0
       1
       0
       1
       0
       0
       0
       0
       0
       0
       0
       0
       1
       0
       0
       1
       0
       1
       0
       0
       1
       1
       0
       1
       0
       2
       0
       0
       1
       2
       2
       0
       2
       0
       1
       0
       1
       1
       1
       0
       0
       0
       0
       1
       0
       1
       1
       0
       0
       0
       0
       0
       1
       0
       0
       0
       1
       0
       0
       1
       0
       0
       0
       0
       1
       2
       1
       1
       0
       0
       4
       0
       1
       1
       0
       0
       0
       0
       0
       0
       0
       0
       1
       2
       0
       1
       1
       0
       1
       0
       0
       0
       0
       0
       0
       2
       0
       1
       0
       0
       0
       0
       0
       0
       2
       0
       1
       1
       0
       1
       1
       1
       0
       0
       0
       1
       1
       0
       0
       0
       1
       0
       1
       1
       1
       0
       3
       0
       0
       0
       1
       0
       0
       0
       0
       0
       1
       1
       1
       0
       0
       0
       1
       2
       0
       0
       0
       0
       1
       0
       0
       3
       1
       1
       0
       0
       0
       0
       0
       0
       0
       0
       0
       1
       3
       1
       0
       0
       0
       0
       0
       1
       2
       2
       1
       0
       1
       0
       1
       0
       0
       1
       1
       2
       0
       0
       0
       0
       1
       0
       0
       0
       1
       2
       0
       1
       1
       0
       0
       1
       1
       0
       0
       0
       2
       1
       0
       0
       0
       0
       0
       0
       0
       0
       0
       3
       1
       0
       1
       0
       0
       0
       2
       0
       2
       0
       2
       0
       1
       0
       0
       1
       0
       1
       1
       0
       0
       0
       1
       0
       0
       1
       0
       0
       1
       1
       0
       0
       0
       0
       1
       0
       0
       1
       0
       0
       0
       2
       0
       1
       2
       0
       0
       0
       2
       0
       0
       0
       0
       0
       0
       1
       0
       0
       0
       0
       0
       1
       0
       2
       1
       0
       0
       0
       2
       0
       0
       1
       1
       0
       2
       0
       1
       1
       0
       0
       0
       0
       0
       0
       0
       0
       0
       0
       1
       0
       1
       0
       1
       0
       1
       1
       1
       0
       1
       1
       2
       0
       0
       0
       0
       0
       0
       0
       1
       0
       0
       1
       0
       0
       0
       1
       0
       1
       0
       1
       0
       0
       1
       0
       0
       1
       0
       0
       1
       2
       2
       1
       1
       0
       0
       0
       1
       1
       1
       1
       1
       0
       2
       0
       0
       1
       1
       0
       2
       0
       0
       0
       0
       2
       0
       1
       1
       0
       0
       0
       0
       0
       0
       0
       1
       0
       0
       0
       1
       0
       1
       1
       0
       0
       1
       1
       1
       0
       0
       2
       0
       0
       2
       1
       0
       1
       0
       1
       0
       0
       0
       0
       1
       0
       1
       1
       0
       0
       0
       0
       1
       1
       0
       0
       0
       0
       0
       3
       1
       0
       0
       0
       0
       1
       1
       1
       0
       0
       0
       1
       0
       1
       0
       1
       2
       0
       0
       1
       0
       0
       1
       2
       0
       0
       0
       0
       1
       1
       0
       0
       1
       0
       1
       1
       2
       0
       1
       0
       0
       3
       0
       1
       1
       0
       0
       0
       0
       1
       0
       0
       1
       0
       0
       1
       0
       0
       0
       0
       0
       0
       2
       0
       0
       0
       1
       0
       0
       2
       1
       2
       1
       1
       0
       0
       0
       1
       0
       0
       0
       0
       0
       0
       0
       0
       0
       0
       0
       0
       1
       0
       0
       1
       0
       0
       1
       0
       1
       2
       0
       1
       0
       1
       0
       0
       1
       1
       1
       2
       0
       0
       0
       1
       0
       0
       2
       0
       0
       0
       0
       1
       0
       1
       0
       0
       0
       1
       0
       0
       2
       0
       0
       0
       1
       0
       0
       0
       0
       0
       0
       1
       0
       0
       0
       0
       0
       0
       0
       2
       1
       0
       2
       0
       0
       0
       1
       0
       1
       0
       0
       1
       0
       0
       1
       0
       0
       0
       0
       0
       0
       1
       0
       0
       1
       0
       0
       0
       0
       0
       0
       0
       0
       0
       0
       1
       0
       1
       0
       0
       1
       0
       0
       0
       1
       0
       0
       0
       1
       0
       0
       0
       0
       0
       1
       0
       0
       0
       1
       2
       1
       1
       2
       0
       2
       1
       1
       0
       1
       0
       0
       0
       0
       0
       0
       0
       0
       1
       1
       0
       0
       0
       0
       1
       0
       0
       0
       0
       0
       1
       0
       0
       0
       0
       0
       1
       0
       0
       1
       0
       0
       0
       0
       0
       0
       1
       0
       0
       0
       1
       0
       1
       0
       0
       0
       2
       0
       0
       1
       0
       0
       0
       0
       1
       0
       0
       0
       1
       0
       0
       0
       1
       2
       1
       0
       2
       0
       0
       0
       0
       0
       0
       1
       0
       1
       1
       2
       0
       1
       0
       0
       0
       0
       1
       0
       0
       0
       1
       0
       0
       0
       0
       0
       0
       1
       0
       0
       0
       0
       0
       0
       1
       1
       1
       1
       1
       0
       0
       1
       0
       0
       0
       0
       1
       0
       1
       0
       0
       0
       1
       0
       0
       0
       0
       0
       1
       1
       1
       0
       0
       0
       0
       2
       2
       0
       1
       0
       1
       0
       1
       0
       0
       0
       0
       0
       0
       0
       0
       1
       0
       0
       0
       0
       0
       0
       0
       1
       0
       1
       1
       0
       0
       3
       0
       0
       0
       0
       0
       0
       0
       1
       1
       0
       0
       1
       0
       2
       0
       0
       2
       1
       0
       1
       1
       1
       1
       0
       0
       1
       0
       1
       0
       1
       0
       2
       0
       0
       1
       0
       0
       0
       0
       1
       1
       1
       0
       0
       0
       0
       0
       0
       1
       0
       1
       0
       1
       0
       1
       0
       1
       1
       0
       0
       0
       2
       1
       1
       2
       1
       0
       0
       0
       1
       1
       0
       0
       0
       0
       0
       0
       0
       2
       0
       0
       1
       0
       0
       0
       0
       1
       1
       0
       0
       1
       0
       0
       1
       0
       1
       0
       0
       0
       0
       1
       0
       0
       0
       0
       0
       0
       1
       0
       0
       0
       1
       1
       0
       1
       0
       0
       1
       0
       1
       0
       1
       0
       3
       0
       0
       0
       2
       0
       1
       1
       0
       0
       1
       0
       0
       0
       1
       0
       1
       0
       0
       0
       0
       0
       0
       1
       0
       0
       3
       0
       0
       0
       0
       0
       0
       0
       0
       0
       0
       1
       1
       0
       1
       1
       2
       1
       0
       0
       0
       0
       0
       2
       0
       0
       1
       0
       0
       0
       0
       1
       0
       0
       0
       0
       0
       0
       0
       0
       0
       0
       0
       0
       0
       0
       0
       1
       0
       0
       2
       0
       0
       2
       0
       0
       0
       0
       0
       0
       0
       0
       0
       0
       0
       1
       0
       0
       0
       0
       0
       0
       1
       0
       0
       0
       1
       1
       0
       1
       0
       0
       2
       1
       0
       1
       1
       0
       0
       0
       1
       0
       0
       1
       1
       1
       1
       0
       0
       0
       0
       1
       0
       1
       0
       0
       0
       0
       0
       1
       0
       0
       0
       0
       1
       2
       2
       0
       0
       0
       0
       0
       0
       0
       1
       0
       1
       0
       1
       0
       0
       0
       0
       0
       0
       0
       0
       1
       0
       0
       0
       0
       0
       0
       1
       0
       0
       1
       1
       0
       1
       0
       0
       0
       0
       0
       0
       1
       1
       1
       0
       0
       0
       0
       0
       1
       0
       0
       1
       0
       0
       0
       0
       0
       0
       1
       0
       0
       0
       0
       0
       0
       0
       0
       1
       0
       0
       0
       0
       1
       1
       0
       0
       2
       0
       1
       0
       0
       0
       1
       0
       0
       0
       0
       0
       0
       1
       0
       0
       0
       0
       1
       0
       0
       0
       0
       0
       0
       0
       0
       0
       0
       1
       1
       0
       0
       0
       0
       0
       3
       0
       2
       0
       0
       0
       0
       1
       0
       1
       0
       0
       0
       0
       0
       1
       0
       0
       0
       2
       0
       1
       0
       2
       0
       0
       1
       0
       0
       0
       0
       1
       1
       0
       0
       0
       1
       0
       0
       0
       0
       2
       0
       1
       0
       0
       0
       0
       0
       0
       1
       1
       1
       0
       0
       1
       0
       1
       0
       0
       0
       1
       0
       0
       0
       0
       0
       0
       1
       0
       1
       0
       0
       1
       0
       2
       0
       0
       0
       1
       0
       0
       0
       1
       0
       0
       0
       0
       1
       1
       0
       1
       0
       0
       0
       0
       0
       0
       0
       0
       1
       1
       0
       0
       0
       0
       0
       0
       1
       0
       0
       1
       1
       0
       0
       1
       0
       0
       0
       2
       0
       0
       0
       0
       2
       0
       1
       0
       1
       0
       1
       0
       1
       0
       0
       0
       0
       1
       0
       0
       1
       0
       0
       1
       0
       0
       0
       0
       0
       1
       1
       0
       0
       0
       0
       0
       0
       0
       1
       1
       0
       0
       1
       0
       0
       0
       0
       0
       0
       1
       0
       0
       0
       0
       0
       0
       0
       0
       0
       0
       0
       1
       0
       0
       3
       0
       1
       1
       0
       1
       1
       1
       0
       1
       0
       0
       2
       1
       1
       0
       0
       0
       0
       0
       0
       1
       0
       0
       1
       0
       0
       0
       0
       0
       3
       1
       0
       0
       0
       1
       0
       0
       0
       0
       0
       0
       0
       2
       0
       0
       0
       2
       0
       1
       1
       1
       2
       0
       0
       0
       2
       0
       0
       1
       1
       1
       1
       0
       0
       0
       0
       1
       0
       0
       1
       0
       0
       0
       1
       0
       0
       0
       0
       0
       0
       1
       0
       0
       0
       0
       0
       1
       0
       0
       0
       0
       0
       0
       2
       0
       1
       1
       0
       0
       0
       0
       1
       0
       1
       2
       1
       0
       1
       1
       0
       0
       0
       0
       0
       0
       0
       0
       0
       0
       0
       0
       0
       0
       0
       0
       0
       0
       0
       0
       1
       2
       0
       0
       2
       1
       0
       1
       0
       0
       0
       1
       0
       1
       0
       1
       0
       2
       0
       0
       0
       0
       0
       0
       0
       0
       0
       0
       0
       0
       0
       1
       1
       1
       0
       1
       1
       1
       0
       0
       1
       0
       0
       0
       0
       0
       0
       1
       0
       1
       0
       0
       3
       1
       1
       0
       0
       1
       1
       0
       0
       0
       1
       0
       1
       0
       0
       0
       0
       0
       0
       1
       0
       0
       0
       0
       0
       0
       1
       0
       1
       0
       0
       1
       0
       0
       0
       0
       0
       0
       1
       0
       0
       0
       0
       0
       1
       0
       1
       1
       0
       1
       0
       0
       0
       0
       0
       0
       0
       1
       0
       0
       0
       1
       0
       0
       0
       0
       0
       0
       0
       1
       0
       0
       1
       0
       1
       0
       0
       0
       0
       0
       0
       1
       0
       0
       0
       1
       0
       0
       1
       0
       0
       1
       0
       0
       0
       0
       0
       0
       0
       0
       0
       1
       2
       0
       0
       1
       0
       1
       2
       0
       0
       0
       1
       0
       0
       1
       0
       0
       0
       0
       0
       0
       0
       0
       0
       1
       1
       0
       0
       1
       0
       2
       0
       0
       0
       2
       0
       0
       1
       0
       0
       3
       1
       0
       0
       1
       0
       0
       0
       0
       1
       0
       0
       0
       0
       0
       0
       0
       0
       0
       0
       0
       0
       0
       0
       0
       0
       1
       0
       0
       0
       1
       0
       0
       0
       1
       0
       0
       1
       0
       1
       0
       0
       0
       0
       0
       0
       0
       0
       1
       0
       0
       0
       0
       0
       0
       0
       1
       0
       1
       0
       0
       0
       1
       0
       1
       0
       0
       2
       0
       0
       0
       0
       0
       0
       0
       0
       0
       0
       1
       1
       0
       1
       0
       0
       1
       0
       0
       0
       1
       1
       0
       1
       0
       0
       0
       2
       0
       0
       0
       1
       1
       0
       1
       0
       1
       1
       0
       1
       1
       0
       0
       0
       0
       0
       0
       1
       0
       0
       0
       0
       0
       2
       0
       1
       0
       0
       2
       0
       0
       2
       0
       0
       0
       1
       2
       0
       0
       1
       0
       1
       0
       0
       0
       0
       1
       1
       0
       0
       0
       0
       0
       0
       0
       0
       0
       0
       1
       1
       0
       1
       0
       0
       0
       1
       0
       0
       0
       1
       0
       0
       0
       1
       0
       1
       0
       0
       0
       1
       0
       0
       1
       1
       0
       1
       0
       1
       0
       0
       0
       0
       0
       0
       0
       0
       0
       0
       0
       1
       0
       0
       0
       0
       1
       0
       0
       1
       1
       0
       0
       0
       0
       0
       0
       0
       0
       1
       1
       1
       1
       0
       2
       0
       1
       0
       2
       0
       0
       0
       1
       0
       0
       1
       0
       0
       0
       0
       0
       1
       0
       1
       1
       1
       0
       0
       0
       0
       0
       1
       0
       0
       0
       0
       0
       2
       1
       0
       0
       0
       0
       0
       0
       2
       0
       1
       0
       0
       0
       0
       0
       0
       0
       0
       0
       0
       0
       0
       0
       0
       1
       1
       0
       0
       0
       0
       2
       0
       0
       0
       0
       0
       0
       0
       0
       1
       1
       0
       0
       0
       0
       0
       0
       1
       0
       0
       0
       0
       1
       0
       0
       2
       0
       0
       1
       0
       0
       1
       0
       1
       0
       0
       0
       0
       0
       0
       0
       0
       0
       0
       0
       0
       0
       0
       0
       0
       0
       0
       0
       1
       0
       0
       0
       0
       0
       0
       0
       0
       0
       1
       0
       1
       0
       0
       0
       0
       0
       0
       0
       0
       0
       0
       1
       0
       0
       0
       0
       0
       0
       0
       0
       0
       0
       0
       0
       0
       0
       0
       0
       0
       0
       0
       0
       0
       0
       0
       1
       0
       0
       0
       1
       0
       0
       1
       0
       1
       0
       0
       0
       1
       0
       0
       0
       0
       0
       0
       0
       0
       0
       0
       0
       0
       0
       0
       0
       0
       1
       0
       0
       0
       0
       0
       0
       0
       0
       0
       0
       0
       0
       0
       0
       0
       0
       1
       0
       0
       0
       0
       0
       0
       1
       0
       0
       0
       0
       0
       0
       0
       1
       0
       0
       1
       0
       0
       0
       0
       0
       0
       0
       1
       0
       0
       0
       0
       0
       0
       0
       0
       0
       0
       0
       0
       1
       0
       0
       0
       0
       0
       0
       0
       0
       0
       0
       0
       0
       0
       0
       0
       1
       1
       0
       0
       0
       0
       0
       0
       0
       0
       0
       0
       0
       0
       1
       0
       0
       0
       0
       0
       0
       0
       0
       0
       0
       0
       0
       0
       0
       0
       0
       0
       0
       0
       0
       0
       0
       0
       0
       0
       0
       0
       0
       0
       0
       0
       0
       0
       0
       0
       0
       0
       0
       0
       0
       0
       0
       0
       0
       0
       0
       0
       0
       0
       0
       0
       0
       0
       0
       0
       0
       1
       0
       0
       0
       0
       0
       0
       0
       0
       0
       1
       0
       0
       0
       0
       0
       0
       0
       0
       0
       0
       0
       0
       0
       0
       0
       0
       0
       0
       0
       0
       0
       0
       0
       0
       0
       0
       0
       0
       0
       1
       0
       0
       0
       0
       0
       0
       0
       0
       0
       0
       0
       0
       0
       0
       0
       0
       0
       0
       0
       0
       0
       0
       0
       0
       0
       0
       0
       0
       0
       0
       0
       0
       0
       0
       0
       0
       0
       0
       0
       0
       0
       0
       0
       0
       0
       0
       0
       0
       0
       0
       0
       0
       0
       0
       0
       0
       0
       0
       0
       0
       0
       0
       0
       0
       0
       0
       0
       0
       0
       0
       0
       0
       0
       0
       0
       0
       0
       0
       0
       0
       0
       0
       0
       0
       0
       0
       0
       0
       0
       0
       0
       0
       0
       0
       0
       0
       0
       0
       0
       0
       0
       0
       0
       0
       0
       0
       0
       0
       0
       0
       0
       0
       0
       0
       0
       0
       0
       0
       0
       0
       0
       0
       0
       0
       0
       0
       0
       0
       0
       0
       0
       0
       0
       0
       0
       0
       0
       0
       0
       0
       0
       0
       0
       0
       0
       0
       0
       0
       0
       0
       0
       0
       0
       0
       0
       0
       0
       0
       0
       0
       0
       0
       0
       0
       0
       0
       0
       0
       0
       0
       0
       0
       0
       0
       0
       0
       0
       0
       0
       0
       0
       0
       0
       0
       0
       0
       0
       0
       0
       0
       0
       0
       0
       0
       0
       0
       0
       0
       0
       0
       0
       0
       0
       0
       0
       0
       0
       0
       0
       0
       0
       0
       0
       0
       0
       0
       0
       0
       0
       0
       0
       0
       0
       0
       0
       0
       0
       0
       0
       0
       0
       0
       0
       0
       0
       0
       0
       0
       0
       0
       0
       0
       0
       0
       0
       0
       0
       0
       0
       0
       0
       0
       0
       0
       0
       0
       0
       0
       0
       0
       0
       0
       0
       0
       0
       0
       0
       0
       0
       0
       0
       0
       0
       0
       0
       0
       0
       0
       0
       0
       0
       0
       0
       0
       0
       0
       0
       0
       0
       0
       0
       0
       0
       0
       0
       0
       0
       0
       0
       0
       0
       0
       0
       0
       0
       0
       0
       0
       0
       0
       0
       0
       0
       0
       0
       0
       0
       0
       0
       0
       0
       0
       0
       0
       0
       0
       0
       0
       0
       0
       0
       0
       0
       0
       0
       0
       0
       0
       0
       0
       0
       0
       0
       0
       0
       0
       0
       0
       0
       0
       0
       0
       0
       0
       0
       0
       0
       0
       0
       0
       0
       0
       0
       0
       0
       0
       0
       0
       0
       0
       0
       0
       0
       0
       0
       0
       0
       0
       0
       0
       0
       0
       0
       0
       0
       0
       0
       0
       0
       0
       0
       0
       0
       0
       0
       0
       0
       0
       0
       0
       0
       0
       0
       0
       0
       0
       0
       0
       0
       0
       0
       0
       0
       0
       0
       0
       0
       0
       0
       0
       0
       0
       0
       0
       0
       0
       0
       0
       0
       0
       0
       0
       0
       0
       0
       0
       0
       0
       0
       0
       0
       0
       0
       0
       0
       0
       0
       0
       0
       0
       0
       0
       0
       0
       0
       0
       0
       0
       0
       0
       0
       0
       0
       0
       0
       0
       0
       0
       0
       0
       0
       0
       0
       0
       0
       0
       0
       0
       0
       0
       0
       0
       0
       0
       0
       0
       0
       0
       0
       0
       0
       0
       0
       0
       0
       0
       0
       0
       0
       0
       0
       0
       0
       0
       0
       0
       0
       0
       0
       0
       0
       0
       0
       0
       0
       0
       0
       0
       0
       0
       0
       0
       0
       0
       0
       0
       0
       0
       0
       0
       0
       0
       0
       0
       0
       0
       0
       0
       0
       0
       0
       0
       0
       0
       0
       0
       0
       0
       0
       0
       0
       0
       0
       0
       0
       0
       0
       0
       0
       0
       0
       0
       0
       0
       0
       0
       0
       0
       0
       0
       0
       0
       0
       0
       0
       0
       0
       0
       0
       0
       0
       0
       0
       0
       0
       0
       0
       0
       0
       0
       0
       0
       0
       0
       0
       0
       0
       0
       0
       0
       0
       0
       0
       0
       0
       0
       0
       0
       0
       0
       0
       0
       0
       0
       0
       0
       0
       0
       0
       0
       0
       0
       0
       0
       0
       0
       0
       0
       0
       0
       0
       0
       0
       0
       0
       0
       0
       0
       0
       0
       0
       0
       0
       0
       0
       0
       0
       0
       0
       0
       0
       0
       0
       0
       0
       0
       0
       0
       0
       0
       0
       0
       0
       0
       0
       0
       0
       0
       0
       0
       0
       0
       0
       0
       0
       0
       0
       0
       0
       0
       0
       0
       0
       0
       0
       0
       0
       0
       0
       0
       0
       0
       0
       0
       0
       0
       0
       0
       0
       0
       0
       0
       0
       0
       0
       0
       0
       0
       0
       0
       0
       0
       0
       0
       0
       0
       0
       0
       0
       0
       0
       0
       0
       0
       0
       0
       0
       0
       0
       0
       0
       0
       0
       0
       0
       0
       0
       0
       0
       0
       0
       0
       0
       0
       0
       0
       0
       0
       0
       0
       0
       0
       0
       0
       0
       0
       0
       0
       0
       0
       0
       0
       0
       0
       0
       0
       0
       0
       0
       0
       0
       0
       0
       0
       0
       0
       0
       0
       0
       0
       0
       0
       0
       0
       0
       0
       0
       0
       0
       0
       0
       0
       0
       0
       0
       0
       0
       0
       0
       0
       0
       0
       0
       0
       0
       0
       0
       0
       0
       0
       0
       0
       0
       0
       0
       0
       0
       0
       0
       0
       0
       0
       0
       0
       0
       0
       0
       0
       0
       0
       0
       0
       0
       0
       0
       0
       0
       0
       0
       0
       0
       0
       0
       0
       0
       0
       0
       0
       0
       0
       0
       0
       0
       0
       0
       0
       0
       0
       0
       0
       0
       0
       0
       0
       0
       0
       0
       0
       0
       0
       0
       0
       0
       0
       0
       0
       0
       0
       0
       0
       0
       0
       0
       0
       0
       0
       0
       0
       0
       0
       0
       0
       0
       0
       0
       0
       0
       0
       0
       0
       0
       0
       0
       0
       0
       0
       0
       0
       0
       0
       0
       0
       0
       0
       0
       0
       0
       0
       0
       0
       0
       0
       0
       0
       0
       0
       0
       0
       0
       0
       0
       0
       0
       0
       0
       0
       0
       0
       0
       0
       0
       0
       0
       0
       0
       0
       0
       0
       0
       0
       0
       0
       0
       0
       0
       0
       0
       0
       0
       0
       0
       0
       0
       0
       0
       0
       0
       0
       0
       0
       0
       0
       0
       0
       0
       0
       0
       0
       0
       0
       0
       0
       0
       0
       0
       0
       0
       0
       0
       0
       0
       0
       0
       0
       0
       0
       0
       0
       0
       0
       0
       0
       0
       0
       0
       0
       0
       0
       0
       0
       0
       0
       0
       0
       0
       0
       0
       0
       0
       0
       0
       0
       0
       0
       0
       0
       0
       0
       0
       0
       0
       0
       0
       0
       0
       0
       0
       0
       0
       0
       0
       0
       0
       0
       0
       0
       0
       0
       0
       0
       0
       0
       0
       0
       0
       0
       0
       0
       0
       0
       0
       0
       0
       0
       0
       0
       0
       0
       0
       0
       0
       0
       0
       0
       0
       0
       0
       0
       0
       0
       0
       0
       0
       0
       0
       0
       0
       0
       0
       0
       0
       0
       0
       0
       0
       0
       0
       0
       0
       0
       0
       0
       0
       0
       0
       0
       0
       0
       0
       0
       0
       0
       0
       0
       0
       0
       0
       0
       0
       0
       0
       0
       0
       0
       0
       0
       0
       0
       0
       0
       0
       0
       0
       0
       0
       0
       0
       0
       0
       0
       0
       0
       0
       0
       0
       0
       0
       0
       0
       0
       0
       0
       0
       0
       0
       0
       0
       0
       0
       0
       0
       0
       0
       0
       0
       0
       0
       0
       0
       0
       0
       0
       0
       0
       0
       0
       0
       0
       0
       0
       0
       0
       0
       0
       0
       0
       0
       0
       0
       0
       0
       0
       0
       0
       0
       0
       0
       0
       0
       0
       0
       0
       0
       0
       0
       0
       0
       0
       0
       0
       0
       0
       0
       0
       0
       0
       0
       0
       0
       1
       0
       0
       0
       0
       0
       0
       0
       0
       0
       0
       0
       0
       0
       0
       0
       0
       0
       0
       0
       0
       0
       0
       0
       0
       0
       0
       0
       0
       0
       0
       0
       0
       0
       0
       0
       0
       0
       0
       0
       0
       0
       0
       0
       0
       0
       0
       0
       0
       0
       0
       0
       0
       0
       0
       0
       0
       0
       0
       0
       0
       0
       0
       0
       0
       0
       0
       0
       0
       0
       0
       0
       0
       0
       0
       0
       0
       0
       0
       0
       0
       0
       0
       0
       0
       0
       0
       0
       0
       0
       0
       0
       0
       0
       0
       0
       0
       0
       0
       0
       0
       0
       0
       0
       0
       0
       0
       0
       0
       0
       0
       0
       0
       0
       0
       0
       0
       0
       0
       0
       0
       0
       0
       0
       0
       0
       0
       0
       0
       0
       0
       0
       0
       0
       0
       0
       0
       0
       0
       0
       0
       0
       0
       0
       0
       0
       0
       0
       0
       0
       0
       0
       0
       0
       0
       0
       0
       0
       0
       0
       0
       0
       0
       0
       0
       0
       0
       0
       0
       0
       0
       0
       0
       0
       0
       0
       0
       0
       0
       0
       0
       0
       0
       0
       0
       0
       0
       0
       0
       0
       0
       0
       0
       0
       0
       0
       0
       0
       0
       0
       0
       0
       0
       0
       0
       0
       0
       0
       0
       0
       0
       0
       0
       0
       0
       0
       0
       0
       0
       0
       0
       0
       0
       0
       0
       0
       0
       0
       0
       0
       0
       0
       0
       0
       0
       0
       0
       0
       0
       0
       0
       0
       0
       0
       0
       0
       0
       0
       0
       0
       0
       0
       0
       0
       0
       0
       0
       0
       0
       0
       0
       0
       0
       0
       0
       0
       0
       0
       0
       0
       0
       0
       0
       0
       0
       0
       0
       0
       0
       0
       0
       0
       0
       0
       0
       0
       0
       0
       0
       0
       0
       0
       0
       0
       0
       0
       0
       0
       0
       0
       0
       0
       0
       0
       0
       0
       0
       0
       0
       0
       0
       0
       0
       0
       0
       0
       0
       0
       0
       0
       0
       0
       0
       0
       0
       0
       0
       0
       0
       0
       0
       0
       0
       0
       0
       0
       0
       0
       0
       0
       0
       0
       0
       0
       0
       0
       0
       0
       0
       0
       0
       0
       0
       0
       0
       0
       0
       0
       0
       0
       0
       0
       0
       0
       0
       0
       0
       0
       0
       0
       0
       0
       0
       0
       0
       0
       0
       0
       0
       0
       0
       0
       0
       0
       0
       0
       0
       0
       0
       0
       0
       0
       0
       0
       0
       0
       0
       0
       0
       0
       0
       0
       0
       0
       0
       0
       0
       0
       0
       0
       0
       0
       0
       0
       0
       0
       0
       0
       0
       0
       0
       0
       0
       0
       0
       0
       0
       0
       0
       0
       0
       0
       0
       0
       0
       0
       0
       0
       0
       0
       0
       0
       0
       0
       0
       0
       0
       0
       0
       0
       0
       0
       0
       0
       0
       0
       0
       0
       0
       0
       0
       0
       0
       0
       0
       0
       0
       0
       0
       0
       0
       0
       0
       0
       0
       0
       0
       0
       0
       0
       0
       0
       0
       0
       0
       0
       0
       0
       0
       0
       0
       0
       0
       0
       0
       0
       0
       0
       0
       0
       0
       0
       0
       0
       0
       0
       0
       0
       0
       0
       0
       0
       0
       0
       0
       0
       0
       0
       0
       0
       0
       0
       0
       0
       0
       0
       0
       0
       0
       0
       0
       0
       0
       0
       0
       0
       0
       0
       0
       0
       0
       0
       0
       0
       0
       0
       0
       0
       0
       0
       0
       0
       0
       0
       0
       0
       0
       0
       0
       0
       0
       0
       0
       0
       0
       0
       0
       0
       0
       0
       0
       0
       0
       0
       0
       0
       0
       0
       0
       0
       0
       0
       0
       0
       0
       0
       0
       0
       0
       0
       0
       0
       0
       0
       0
       0
       0
       0
       0
       0
       0
       0
       0
       0
       0
       0
       0
       0
       0
       0
       0
       0
       0
       0
       0
       0
       0
       0
       0
       0
       0
       0
       0
       0
       0
       0
       0
       0
       0
       0
       0
       0
       0
       0
       0
       0
       0
       0
       0
       0
       0
       0
       0
       0
       0
       0
       0
       0
       0
       0
       0
       0
       0
       0
       0
       0
       0
       0
       0
       0
       0
       0
       0
       0
       0
       0
       0
       0
       0
       0
       0
       0
       0
       0
       0
       0
       0
       0
       0
       0
       0
       0
       0
       0
       0
       0
       0
       0
       0
       0
       0
       0
       0
       0
       0
       0
       0
       0
       0
       0
       0
       0
       0
       0
       0
       0
       0
       0
       0
       0
       0
       0
       0
       0
       0
       0
       0
       0
       0
       0
       0
       0
       0
       0
       0
       0
       0
       0
       0
       0
       0
       0
       0
       0
       0
       0
       0
       0
       0
       0
       0
       0
       0
       0
       0
       0
       0
       0
       0
       0
       0
       0
       0
       0
       0
       0
       0
       0
       0
       0
       0
       0
       0
       0
       0
       0
       0
       0
       0
       0
       0
$ROI:
0
$PRESETS:
None
0
0
$ENER_FIT:
0.000000 0.000000
$MCA_CAL:
3
0.000000E+000 0.000000E+000 0.000000E+000 
$SHAPE_CAL:
3
0.000000E+000 0.000000E+000 0.000000E+000
