8.855072999045341930e+01 1.396690902510426326e+02 0.000000000000000000e+00
9.855032363667007189e+01 1.622154793827376409e+02 1.064999999999999947e+00
1.105251232332473279e+02 1.860213823094057375e+02 2.129999999999999893e+00
1.262871772520715297e+02 2.167199744658462919e+02 3.194999999999999840e+00
1.331999074362290685e+02 2.838540623701236427e+02 4.259999999999999787e+00
2.125660029130564794e+02 3.766877754410869557e+02 4.615000000000000213e+00
1.814074639214094020e+02 5.667744091661775201e+02 4.969999999999999751e+00
2.577768091199500589e+01 1.437456882363347006e+02 6.035000000000000142e+00
2.225594424010682459e+01 1.119374946660856409e+02 6.389999999999999680e+00
1.907178630545762488e+01 8.956920169233674756e+01 6.745000000000000107e+00
