$SPEC_ID:
No sample description was entered.
$SPEC_REM:
DET# 1
DETDESC# ELIMED2-PC Easy-MCA-8k SN 19133189
AP# Maestro Version 7.01
$DATE_MEA:
12/16/2019 15:08:50
$MEAS_TIM:
1966 1967
$DATA:
0 8191
       0
       0
       0
       0
       0
       0
       0
       0
       0
       0
       0
       0
       2
       3
      14
      45
     140
     496
    1314
    3323
    6505
   11068
   15826
   18636
   18982
   14851
    9070
    5024
    3423
    3316
    4145
    6644
    7819
    5235
    3757
    3192
    2875
    2600
    2536
    2322
    2238
    2290
    2100
    2034
    1922
    1902
    1795
    1799
    1743
    1728
    1557
    1570
    1503
    1417
    1445
    1310
    1256
    1244
    1229
    1189
    1160
    1086
    1078
    1014
    1022
    1037
     974
     912
     973
     895
     855
     851
     756
     751
     733
     747
     695
     656
     661
     634
     639
     586
     641
     584
     578
     553
     532
     542
     516
     547
     482
     422
     441
     448
     447
     409
     409
     409
     384
     390
     387
     393
     361
     380
     337
     318
     308
     316
     306
     319
     311
     317
     279
     269
     291
     244
     274
     278
     257
     230
     257
     253
     236
     227
     226
     210
     212
     219
     213
     189
     185
     193
     202
     197
     211
     180
     193
     177
     166
     182
     167
     159
     169
     149
     162
     168
     139
     175
     134
     155
     155
     129
     150
     142
     160
     120
     131
     147
     136
     134
     140
     125
     118
     127
     129
     128
     145
     114
     124
     117
     105
     105
      94
     107
     113
     101
     107
     104
     116
      96
     102
      99
      92
     104
      95
      75
      90
     106
      73
      88
     102
      63
      77
      69
      72
      81
      84
      74
      79
      74
      70
      70
      76
      53
      68
      58
      68
      74
      71
      95
      68
      89
      65
      67
      56
      56
      64
      63
      61
      61
      64
      52
      41
      60
      65
      60
      50
      50
      46
      53
      52
      60
      57
      53
      64
      52
      48
      55
      55
      59
      53
      63
      49
      48
      48
      44
      43
      56
      51
      54
      35
      59
      48
      62
      49
      44
      47
      41
      34
      47
      36
      41
      46
      44
      54
      51
      36
      39
      32
      44
      47
      45
      42
      42
      34
      50
      42
      43
      37
      39
      36
      44
      44
      39
      45
      43
      47
      41
      44
      52
      47
      48
      47
      33
      45
      35
      42
      34
      38
      40
      27
      35
      35
      47
      35
      35
      42
      35
      38
      48
      38
      33
      42
      37
      49
      39
      39
      21
      34
      28
      50
      31
      40
      31
      31
      40
      43
      38
      26
      36
      43
      43
      31
      28
      45
      37
      34
      28
      23
      24
      30
      24
      25
      34
      22
      34
      21
      26
      32
      41
      23
      36
      39
      24
      23
      36
      32
      34
      23
      32
      29
      32
      32
      26
      31
      39
      25
      35
      33
      29
      30
      36
      37
      26
      39
      24
      29
      35
      27
      35
      28
      23
      25
      35
      29
      25
      28
      28
      33
      39
      31
      29
      28
      39
      30
      29
      32
      23
      30
      33
      19
      23
      32
      26
      32
      33
      23
      28
      20
      35
      26
      37
      17
      22
      23
      27
      30
      31
      31
      38
      32
      40
      26
      25
      29
      26
      30
      34
      17
      30
      31
      34
      30
      30
      29
      12
      31
      29
      28
      37
      37
      34
      27
      33
      26
      36
      25
      30
      28
      25
      35
      38
      32
      19
      33
      25
      33
      29
      24
      24
      25
      38
      31
      30
      29
      32
      32
      31
      24
      18
      20
      32
      33
      25
      30
      23
      33
      32
      29
      24
      29
      21
      29
      33
      28
      25
      34
      30
      34
      19
      30
      37
      26
      32
      27
      29
      28
      33
      29
      23
      29
      28
      23
      29
      25
      27
      25
      20
      33
      24
      27
      34
      20
      23
      25
      32
      26
      24
      25
      34
      31
      21
      25
      33
      23
      26
      23
      24
      29
      22
      30
      24
      26
      27
      33
      28
      28
      31
      25
      28
      21
      21
      23
      31
      33
      30
      25
      25
      29
      30
      26
      29
      38
      26
      22
      28
      27
      30
      24
      20
      38
      29
      25
      34
      26
      27
      33
      21
      29
      33
      24
      21
      23
      28
      34
      31
      23
      20
      29
      18
      19
      15
      17
      15
      30
      31
      20
      17
      21
      24
      26
      18
      28
      25
      23
      33
      29
      20
      25
      32
      29
      29
      29
      22
      29
      36
      21
      24
      15
      23
      19
      25
      23
      28
      31
      18
      30
      33
      22
      25
       9
      20
      24
      19
      29
      20
      35
      21
      19
      13
      23
      19
      35
      29
      28
      24
      21
      20
      19
      33
      24
      21
      31
      17
      25
      21
      24
      27
      12
      21
      19
      22
      17
      21
      28
      19
      19
      23
      17
      19
      24
      20
      13
      23
      29
      28
      19
      26
      26
      26
      20
      22
      22
      25
      23
      21
      27
      24
      20
      20
      19
      20
      22
      20
      27
      28
      12
      25
      18
      22
      22
      22
      27
      21
      23
      20
      19
      17
      30
      23
      26
      24
      13
      15
      23
      23
      17
      19
      19
      22
      26
      22
      20
      17
      31
      22
      23
      19
      28
      23
      20
      29
      24
      19
      16
      17
      20
      18
      16
      19
      21
      19
      27
      15
      14
      20
      16
      24
      22
      21
      18
      20
      19
      16
      20
      15
      26
      19
      21
      12
      22
      17
      17
      24
      19
      17
       9
      20
      21
      16
      20
      21
      21
      20
      20
      23
      22
      19
      16
      12
      26
      21
      19
      27
      18
      16
      26
      16
      15
      24
      23
      15
      17
      16
      23
      18
      17
      20
      20
      19
      20
      13
      13
      21
      20
      18
      15
      17
      19
      22
      20
      22
      21
      17
      19
      16
      13
      14
      22
      19
      16
      15
      15
      19
      17
      19
      22
      17
      14
      15
      15
      13
      18
      21
      16
      16
      18
      19
      19
      19
      19
      15
      20
      15
      13
      13
      20
       8
      22
      27
      28
      19
      12
      16
      15
      22
      15
      14
      10
      20
      17
      11
      18
      11
      16
      11
      22
      20
      19
       8
      21
      17
      12
      12
      23
      13
      20
      11
      14
      16
      20
      15
      16
      15
      17
      13
      13
      16
      15
      13
       8
      15
      17
      18
      13
      16
      20
      17
      17
      16
      18
      10
      18
      10
      12
      17
      12
      12
      21
      21
      18
      18
      17
      11
      12
      15
      10
      17
      20
       5
      10
      14
      18
      13
      13
      18
      23
      12
      21
      17
      13
      12
      13
      23
      16
      15
      11
      17
      16
      13
      18
      15
      14
      13
       9
      11
      18
      14
      16
      16
      11
      14
      20
      16
      20
      16
      13
       8
      16
      10
      15
      15
      18
      12
      14
      15
      18
      12
      18
      14
       9
       9
       8
      17
      13
      13
      14
      16
      13
      15
       9
      14
      21
      10
      14
      12
      12
       8
      13
      10
      11
      14
      15
      11
      10
      12
      13
       7
      16
      15
      14
       9
      16
      17
      13
       9
      13
      14
      17
      10
      17
      11
       9
      11
      14
       9
       9
      17
      11
      16
      15
      13
       5
       9
       9
      17
       8
      11
      12
      17
      11
      11
      17
       6
      18
       8
       7
      12
      11
      20
      10
      10
       7
       5
       8
      13
      11
      13
       8
      10
      13
       5
      13
      17
      11
       8
      12
       8
      11
      12
       9
      11
       6
      10
      17
       9
       4
      10
      14
      10
      10
      13
       9
      10
       8
      12
       5
       9
      10
       8
       6
       6
      16
      12
      11
      17
       9
      10
       5
       6
      10
       6
      10
       6
      13
      13
      14
      10
      14
       8
      14
      12
      12
      13
      13
      14
       5
      11
      12
      10
       6
       7
       7
      10
      13
      12
      12
      16
       6
      11
       8
       6
       8
       6
       8
      11
       9
      14
      12
       6
       3
       8
      11
      12
      10
       8
       5
       8
       7
       8
       9
      10
      16
      10
      13
      10
       6
      10
       7
      11
       5
      12
      11
      11
       6
       9
      10
      10
       7
       9
      20
       6
       8
      17
       8
       9
      10
      11
       5
      11
      12
       7
      10
       7
      11
       4
       6
      14
      12
       5
      11
       8
      12
      11
      13
       7
       6
       5
       8
      15
      11
       8
      12
      18
      10
       7
       6
      13
      14
      10
       8
      12
      13
       6
       8
       7
       5
      12
       7
       8
      10
      11
      11
       8
       5
       9
       8
       9
       8
      11
       9
       7
      10
      10
       5
       6
      12
       7
      13
      10
       4
      10
       7
       7
       7
       6
       6
       6
      12
       5
       7
      11
       5
       6
       9
      13
       9
       6
       7
       7
       9
      11
      10
       4
      10
       4
       6
      11
       5
       6
       5
       5
      11
       5
       6
      10
       6
       7
       4
      12
       7
       5
      10
       6
       8
       9
      13
       9
      14
       8
      13
       5
       9
       9
       3
      15
       5
      10
       5
      10
       6
      10
      10
       5
       9
       6
       6
       7
      14
       3
       3
      12
       3
       5
       8
      10
       4
      15
       5
      10
       8
       9
      10
       8
       7
      11
      10
       4
       8
       5
       6
       5
       8
       6
      10
       5
       8
      10
       8
       5
       6
       4
       2
      10
       6
      10
       6
       3
       3
       4
       6
       3
       6
       5
       7
       2
      12
       3
      10
       5
       7
       5
       5
       5
       6
       5
       4
       3
       3
       2
       8
       3
       8
       4
       4
       8
       4
       4
       8
       5
       3
       6
       9
       5
       6
       2
       6
      11
       7
       6
      16
       2
       5
       4
       8
       8
       5
       8
       5
       5
       6
       7
       6
       9
       8
       2
       4
       6
       7
       5
       9
      10
       7
       2
       8
       5
       5
       7
       8
       7
      10
       6
       9
       4
       2
       6
       6
       7
       6
       2
       6
       4
       3
       7
       7
       3
       8
       5
       8
       6
       5
       5
       5
       5
       4
       5
       1
       4
       4
       3
       9
       5
       6
       4
       5
      11
       2
       8
       3
       5
       3
       1
       5
       3
       7
       1
       4
       6
       1
       5
       6
       2
       6
       8
       2
       4
       7
       4
       5
       4
       6
      10
       7
       7
       3
       4
       4
       5
       5
       4
       2
       4
       7
       5
       7
       5
       6
       7
       4
       7
       6
       5
       3
       5
       7
       3
       3
       4
       3
       6
      10
       4
       8
       4
       5
       7
       1
       6
       6
       1
       8
       4
       5
       6
       7
       4
       6
       7
       2
       3
       0
       6
       4
       5
       5
       3
       3
       6
       6
       4
       4
       4
       2
       4
       3
       5
       3
       3
       7
       5
       8
       5
       5
       2
       2
       6
       4
       6
       4
       4
       7
       3
       2
       2
       3
       3
       4
       6
       2
       5
       3
       3
       2
       6
       3
       8
       2
       4
       2
       3
       2
       4
       4
       3
       6
       8
       8
       6
       3
       4
       3
       2
       3
       4
       7
       3
       7
       2
       8
       3
       1
       7
       3
       5
       7
       2
       0
       1
       4
      10
       6
       3
       4
       4
       2
       4
       4
       5
       1
       4
       3
       2
       3
       3
       4
       7
       3
       6
       4
       2
       5
       6
       4
       3
       0
       2
       3
       2
       1
       3
       1
       5
       4
       3
       5
       2
       2
       4
       6
       1
       3
       5
       5
       1
       1
       5
       3
       7
       5
       2
       5
       3
       7
      11
       3
       3
       5
       4
       5
       7
       2
       6
       1
       4
       4
       3
       3
       1
       4
       3
       1
       2
       4
       4
       2
       3
       4
       0
       2
       4
       7
       3
       1
       2
       5
       0
       4
       2
       3
       4
       7
       2
       7
       2
       5
       8
       5
       3
       1
       4
       3
       5
       0
       2
       6
       3
       5
       3
       2
       4
       4
       5
       5
       3
       6
       5
       3
       1
       4
       4
       4
       3
       8
       2
       2
       6
       3
       2
       4
       3
       0
       4
       5
       2
       6
       1
       5
       3
       1
       1
       3
       6
       6
       0
       3
       2
       2
       3
       1
       6
       6
       4
       6
       4
       1
       3
       4
       3
       2
       4
       4
       1
       2
       1
       4
       2
       4
       2
       1
       3
       2
       1
       3
       2
       1
       7
       0
       0
       2
       3
       1
       4
       6
       4
       5
       6
       3
       3
       5
       5
       1
       1
       6
       9
       3
       2
       2
       0
       2
       3
       3
       3
       1
       0
       1
       2
       2
       6
       3
       3
       2
       2
       3
       1
       4
       3
       5
       7
       2
       1
       4
       0
       0
       2
       1
       3
       3
       2
       2
       4
       5
       1
       2
       1
       4
       2
       1
       2
       4
       3
       3
       3
       2
       1
       0
       5
       3
       4
       3
       5
       2
       3
       5
       1
       0
       2
       2
       5
       3
       3
       4
       1
       4
       3
       2
       1
       4
       3
       1
       1
       3
       5
       2
       2
       2
       1
       4
       1
       1
       3
       3
       2
       1
       1
       5
       4
       2
       2
       1
       3
       4
       3
       1
       3
       2
       2
       2
       4
       2
       1
       0
       2
       2
       4
       2
       1
       3
       2
       3
       0
       2
       5
       2
       3
       0
       1
       3
       2
       1
       3
       3
       5
       1
       1
       1
       2
       4
       6
       1
       3
       4
       1
       2
       2
       6
       3
       1
       2
       3
       2
       3
       2
       2
       3
       1
       3
       5
       4
       3
       0
       1
       2
       4
       3
       1
       0
       4
       1
       1
       0
       3
       2
       6
       4
       0
       3
       6
       5
       5
       2
       4
       6
       2
       3
       2
       3
       3
       3
       5
       3
       0
       2
       1
       4
       5
       2
       0
       3
       0
       2
       4
       1
       3
       1
       3
       3
       3
       2
       0
       4
       3
       1
       7
       2
       3
       0
       1
       4
       3
       2
       4
       2
       1
       3
       2
       1
       2
       4
       1
       3
       2
       2
       1
       0
       2
       3
       2
       3
       4
       2
       4
       1
       2
       2
       2
       3
       2
       0
       2
       1
       2
       2
       1
       5
       2
       1
       3
       2
       1
       0
       1
       7
       1
       2
       3
       2
       2
       4
       1
       1
       0
       2
       3
       0
       2
       3
       0
       2
       3
       4
       2
       2
       2
       0
       3
       2
       2
       0
       5
       1
       1
       2
       1
       0
       3
       0
       3
       1
       3
       0
       5
       1
       2
       0
       1
       3
       4
       5
       2
       3
       2
       0
       2
       1
       1
       0
       1
       2
       0
       2
       5
       1
       0
       2
       3
       1
       2
       1
       2
       1
       3
       5
       0
       3
       2
       1
       2
       3
       2
       3
       1
       0
       0
       1
       2
       2
       2
       1
       2
       2
       2
       2
       2
       0
       0
       3
       1
       2
       1
       0
       3
       3
       2
       1
       2
       1
       1
       1
       2
       2
       3
       0
       4
       3
       2
       3
       0
       3
       1
       1
       2
       2
       3
       2
       1
       4
       2
       3
       3
       3
       1
       3
       2
       3
       1
       1
       3
       0
       3
       2
       1
       2
       6
       0
       2
       2
       3
       1
       0
       0
       3
       4
       1
       2
       1
       2
       4
       4
       2
       2
       3
       5
       1
       2
       0
       5
       3
       3
       2
       1
       2
       1
       1
       1
       3
       1
       1
       1
       0
       0
       3
       2
       2
       3
       2
       3
       2
       3
       2
       0
       1
       2
       1
       2
       0
       2
       0
       2
       1
       3
       2
       1
       5
       3
       2
       3
       1
       2
       1
       1
       1
       2
       2
       2
       1
       2
       5
       0
       3
       0
       0
       2
       3
       2
       4
       3
       4
       3
       2
       4
       0
       1
       1
       0
       0
       2
       1
       1
       2
       3
       3
       3
       3
       0
       2
       2
       1
       0
       1
       1
       1
       1
       0
       2
       0
       2
       4
       0
       3
       0
       0
       0
       0
       2
       4
       0
       1
       3
       1
       2
       2
       1
       2
       3
       2
       1
       3
       4
       2
       2
       3
       1
       0
       3
       2
       2
       0
       1
       2
       0
       2
       1
       2
       1
       1
       2
       2
       0
       1
       1
       2
       2
       3
       3
       1
       6
       0
       0
       1
       0
       1
       2
       2
       2
       3
       0
       1
       0
       2
       0
       2
       0
       0
       0
       1
       0
       5
       0
       2
       1
       0
       0
       2
       3
       3
       2
       2
       1
       1
       4
       1
       0
       1
       1
       0
       1
       3
       1
       2
       2
       0
       2
       0
       1
       0
       0
       0
       0
       1
       2
       0
       0
       0
       2
       0
       0
       0
       1
       0
       1
       2
       2
       6
       2
       3
       2
       4
       3
       3
       1
       3
       3
       2
       2
       0
       3
       3
       3
       0
       1
       0
       1
       1
       0
       2
       2
       3
       2
       1
       2
       2
       0
       3
       1
       0
       3
       1
       2
       1
       1
       2
       2
       1
       3
       1
       0
       0
       1
       3
       1
       1
       1
       2
       0
       1
       1
       3
       1
       2
       1
       1
       0
       3
       1
       1
       2
       2
       0
       2
       2
       4
       2
       3
       0
       1
       1
       0
       1
       2
       0
       2
       3
       0
       1
       1
       2
       0
       0
       4
       1
       1
       1
       1
       2
       0
       1
       0
       0
       0
       0
       1
       1
       1
       0
       3
       0
       0
       1
       0
       1
       2
       0
       1
       3
       0
       1
       2
       2
       1
       1
       0
       0
       2
       1
       2
       0
       2
       1
       3
       1
       3
       1
       1
       0
       4
       2
       1
       0
       1
       3
       1
       2
       3
       1
       0
       3
       1
       1
       0
       2
       0
       2
       2
       3
       0
       0
       1
       1
       1
       1
       0
       1
       0
       2
       2
       5
       0
       2
       0
       1
       0
       1
       0
       2
       0
       0
       2
       1
       2
       0
       0
       1
       4
       0
       2
       2
       0
       1
       0
       0
       1
       1
       1
       1
       1
       0
       1
       0
       1
       0
       1
       0
       1
       0
       1
       1
       1
       2
       2
       1
       2
       0
       2
       1
       2
       0
       3
       1
       2
       2
       1
       2
       0
       1
       1
       1
       2
       1
       3
       2
       3
       2
       0
       0
       2
       3
       0
       0
       1
       1
       2
       3
       1
       4
       0
       0
       2
       2
       1
       0
       2
       1
       0
       1
       1
       1
       0
       0
       2
       1
       1
       3
       1
       0
       0
       2
       1
       0
       0
       1
       1
       0
       0
       0
       1
       1
       2
       1
       4
       1
       1
       2
       1
       3
       2
       0
       1
       1
       1
       1
       0
       3
       1
       1
       1
       1
       0
       1
       3
       5
       0
       0
       0
       1
       0
       2
       3
       1
       4
       0
       0
       1
       1
       0
       1
       3
       2
       2
       2
       2
       1
       0
       0
       0
       3
       0
       1
       1
       0
       2
       0
       0
       1
       1
       1
       2
       1
       2
       0
       2
       2
       1
       0
       1
       0
       3
       1
       1
       0
       1
       4
       0
       2
       0
       0
       0
       2
       1
       1
       0
       1
       2
       0
       1
       0
       4
       1
       0
       1
       2
       1
       2
       1
       1
       2
       0
       1
       1
       0
       0
       1
       2
       2
       0
       1
       1
       0
       0
       0
       1
       0
       1
       0
       1
       0
       1
       2
       0
       3
       0
       0
       0
       0
       1
       2
       1
       2
       0
       2
       0
       1
       1
       3
       1
       1
       2
       1
       5
       0
       1
       0
       2
       1
       2
       1
       1
       1
       1
       3
       1
       1
       2
       1
       1
       0
       1
       0
       2
       1
       2
       3
       1
       2
       0
       1
       1
       1
       0
       0
       0
       1
       1
       1
       1
       2
       1
       2
       1
       0
       3
       1
       2
       1
       1
       1
       1
       0
       1
       0
       2
       2
       2
       0
       0
       2
       1
       0
       1
       0
       2
       1
       0
       0
       0
       1
       0
       2
       0
       0
       0
       1
       0
       0
       0
       1
       0
       0
       1
       0
       0
       0
       0
       0
       0
       0
       0
       2
       0
       0
       2
       0
       1
       1
       1
       1
       3
       1
       3
       1
       0
       1
       0
       0
       0
       1
       0
       1
       1
       1
       0
       1
       1
       1
       2
       1
       0
       1
       0
       0
       3
       2
       2
       0
       0
       0
       3
       0
       0
       1
       2
       2
       0
       1
       1
       0
       2
       4
       0
       0
       0
       1
       1
       0
       1
       1
       2
       1
       1
       0
       2
       1
       0
       0
       1
       0
       1
       1
       0
       0
       0
       0
       0
       1
       1
       1
       0
       0
       0
       1
       2
       0
       0
       0
       1
       1
       0
       1
       2
       1
       1
       2
       1
       1
       0
       0
       0
       1
       0
       1
       1
       2
       0
       1
       2
       1
       0
       2
       0
       1
       1
       0
       1
       0
       0
       0
       0
       0
       0
       0
       1
       1
       0
       0
       0
       0
       1
       0
       0
       0
       2
       0
       0
       0
       1
       0
       0
       0
       1
       0
       1
       0
       0
       0
       1
       1
       1
       1
       2
       1
       0
       2
       0
       1
       0
       1
       0
       0
       0
       1
       0
       0
       1
       2
       0
       0
       2
       0
       0
       0
       0
       0
       0
       0
       0
       0
       1
       0
       0
       0
       0
       1
       1
       0
       0
       0
       0
       1
       0
       0
       0
       1
       0
       0
       0
       1
       0
       1
       3
       2
       0
       2
       3
       0
       0
       1
       0
       0
       0
       0
       0
       0
       0
       2
       2
       0
       3
       0
       1
       2
       1
       0
       2
       0
       0
       0
       3
       0
       0
       0
       2
       1
       1
       1
       0
       0
       0
       3
       0
       1
       0
       1
       1
       0
       0
       1
       1
       0
       2
       2
       0
       1
       1
       0
       2
       1
       0
       0
       0
       1
       1
       2
       1
       0
       1
       0
       1
       0
       0
       3
       1
       1
       1
       0
       0
       2
       1
       0
       0
       2
       1
       3
       1
       0
       1
       0
       0
       1
       1
       0
       0
       0
       1
       1
       0
       2
       0
       0
       0
       1
       1
       1
       2
       0
       0
       0
       0
       1
       0
       2
       0
       0
       0
       0
       0
       0
       1
       0
       0
       0
       0
       0
       0
       0
       1
       1
       2
       3
       1
       0
       1
       1
       2
       1
       0
       1
       0
       2
       0
       1
       1
       0
       1
       0
       0
       0
       0
       0
       0
       1
       0
       1
       1
       0
       0
       1
       0
       1
       0
       0
       1
       0
       0
       0
       2
       0
       2
       0
       0
       0
       1
       1
       0
       0
       0
       0
       1
       0
       0
       1
       0
       1
       0
       2
       2
       1
       0
       0
       1
       0
       1
       0
       1
       2
       0
       1
       0
       0
       1
       0
       3
       0
       0
       1
       0
       1
       0
       1
       2
       2
       1
       1
       1
       1
       0
       2
       1
       1
       0
       1
       1
       0
       0
       0
       1
       0
       2
       0
       0
       0
       3
       0
       0
       1
       0
       1
       0
       1
       0
       1
       1
       0
       0
       0
       0
       0
       1
       1
       1
       0
       0
       0
       0
       1
       1
       0
       2
       0
       0
       1
       1
       0
       0
       0
       1
       0
       2
       0
       1
       0
       1
       0
       1
       1
       0
       0
       0
       0
       0
       0
       0
       0
       1
       2
       0
       1
       1
       1
       3
       0
       0
       1
       0
       0
       3
       1
       0
       0
       0
       0
       0
       2
       0
       0
       0
       0
       0
       1
       1
       1
       2
       0
       0
       0
       1
       1
       0
       4
       0
       1
       0
       0
       1
       0
       0
       2
       1
       0
       0
       1
       2
       0
       1
       2
       0
       1
       1
       1
       0
       1
       0
       1
       0
       0
       0
       1
       1
       2
       2
       0
       1
       2
       1
       0
       2
       0
       0
       1
       0
       0
       0
       0
       1
       3
       1
       1
       2
       1
       2
       0
       0
       0
       1
       1
       0
       0
       0
       2
       2
       0
       1
       1
       0
       1
       1
       0
       0
       3
       1
       0
       2
       1
       1
       2
       0
       0
       0
       2
       1
       1
       1
       0
       1
       1
       0
       2
       0
       2
       2
       1
       0
       1
       3
       0
       2
       0
       0
       1
       2
       0
       1
       2
       0
       0
       0
       0
       1
       0
       0
       1
       0
       0
       0
       1
       0
       0
       0
       1
       0
       1
       0
       1
       2
       2
       1
       0
       1
       1
       1
       0
       0
       0
       1
       0
       1
       0
       0
       0
       0
       0
       0
       0
       1
       0
       0
       0
       0
       2
       0
       0
       0
       1
       0
       0
       0
       1
       0
       1
       0
       0
       2
       0
       1
       1
       0
       0
       1
       1
       0
       0
       0
       1
       0
       0
       0
       0
       1
       0
       1
       0
       1
       0
       0
       2
       0
       3
       1
       0
       1
       1
       0
       0
       0
       1
       0
       0
       2
       2
       0
       0
       2
       0
       1
       0
       1
       1
       1
       1
       1
       1
       1
       0
       1
       1
       0
       0
       0
       2
       0
       0
       1
       1
       0
       1
       1
       1
       1
       0
       0
       1
       1
       0
       1
       1
       0
       0
       1
       1
       1
       1
       1
       1
       0
       0
       2
       1
       0
       0
       1
       1
       0
       2
       0
       0
       0
       0
       0
       2
       1
       0
       0
       0
       1
       0
       1
       0
       0
       0
       1
       1
       0
       0
       0
       0
       0
       1
       0
       0
       1
       0
       1
       0
       0
       0
       0
       0
       0
       0
       1
       0
       1
       0
       1
       4
       2
       0
       0
       2
       0
       2
       0
       0
       0
       0
       2
       1
       0
       1
       1
       1
       0
       0
       0
       0
       1
       0
       0
       0
       0
       1
       0
       0
       2
       0
       0
       1
       1
       1
       0
       0
       0
       0
       0
       1
       1
       0
       0
       1
       0
       0
       0
       1
       0
       1
       1
       1
       0
       1
       0
       0
       4
       0
       1
       1
       0
       1
       0
       1
       0
       1
       0
       0
       0
       2
       2
       1
       0
       3
       0
       0
       0
       0
       0
       0
       0
       1
       0
       0
       1
       0
       1
       1
       1
       0
       1
       0
       0
       1
       0
       1
       1
       0
       1
       0
       0
       1
       2
       0
       3
       1
       0
       1
       0
       0
       0
       1
       0
       3
       0
       0
       1
       0
       0
       1
       0
       0
       1
       0
       1
       0
       0
       0
       1
       1
       1
       0
       0
       0
       0
       0
       0
       1
       1
       0
       1
       0
       1
       0
       0
       1
       1
       1
       0
       0
       0
       3
       1
       0
       0
       1
       2
       0
       0
       0
       1
       0
       0
       2
       1
       0
       0
       1
       0
       0
       0
       0
       1
       1
       0
       1
       0
       0
       0
       0
       0
       0
       1
       0
       0
       0
       0
       1
       0
       2
       0
       0
       0
       0
       0
       1
       0
       0
       0
       0
       0
       1
       1
       0
       0
       0
       0
       1
       0
       0
       1
       0
       0
       1
       0
       0
       0
       1
       0
       0
       1
       0
       1
       0
       0
       0
       1
       0
       0
       0
       0
       1
       0
       0
       1
       0
       1
       0
       0
       2
       0
       0
       2
       0
       0
       0
       0
       0
       0
       1
       0
       0
       0
       0
       0
       0
       0
       0
       2
       1
       0
       0
       0
       0
       0
       0
       0
       0
       0
       0
       0
       0
       0
       0
       0
       0
       0
       0
       1
       1
       0
       0
       0
       2
       0
       0
       1
       0
       0
       0
       0
       0
       0
       0
       0
       0
       0
       1
       1
       0
       0
       0
       0
       1
       0
       1
       1
       1
       0
       0
       0
       0
       2
       1
       0
       1
       0
       0
       0
       0
       0
       0
       0
       0
       0
       0
       0
       0
       1
       0
       0
       0
       0
       0
       1
       0
       0
       0
       0
       0
       0
       0
       0
       0
       0
       0
       0
       0
       0
       0
       0
       0
       0
       0
       0
       1
       0
       0
       0
       0
       0
       0
       2
       0
       0
       0
       0
       1
       0
       0
       0
       0
       0
       0
       0
       0
       0
       0
       1
       0
       0
       0
       0
       0
       0
       0
       0
       1
       0
       0
       0
       0
       0
       0
       0
       0
       1
       0
       0
       0
       0
       0
       0
       0
       0
       0
       0
       0
       0
       0
       0
       0
       0
       0
       0
       0
       0
       0
       2
       1
       1
       0
       1
       0
       0
       0
       0
       1
       0
       0
       0
       0
       0
       0
       0
       0
       0
       0
       0
       0
       0
       0
       0
       0
       0
       0
       0
       0
       1
       1
       0
       0
       0
       0
       0
       0
       0
       0
       0
       0
       1
       0
       0
       1
       0
       0
       0
       0
       0
       1
       0
       0
       0
       1
       1
       0
       1
       0
       0
       0
       0
       0
       0
       0
       0
       1
       2
       2
       1
       0
       0
       0
       1
       1
       0
       0
       0
       0
       0
       0
       1
       0
       0
       0
       0
       0
       0
       0
       0
       0
       0
       0
       1
       0
       0
       1
       1
       2
       0
       1
       0
       0
       1
       0
       1
       0
       1
       1
       0
       0
       0
       0
       1
       0
       0
       1
       0
       0
       0
       0
       0
       0
       0
       1
       0
       0
       0
       1
       0
       0
       0
       0
       0
       0
       1
       1
       0
       0
       0
       0
       0
       0
       0
       0
       0
       0
       0
       0
       0
       0
       1
       0
       1
       0
       0
       0
       2
       1
       0
       0
       0
       0
       0
       0
       1
       0
       1
       0
       1
       0
       0
       0
       0
       0
       0
       1
       0
       1
       0
       0
       0
       0
       0
       0
       0
       0
       0
       0
       0
       0
       1
       0
       0
       1
       0
       0
       1
       0
       0
       0
       0
       1
       0
       1
       0
       1
       0
       0
       0
       0
       0
       0
       0
       0
       0
       0
       0
       1
       0
       0
       0
       0
       1
       0
       0
       1
       0
       0
       0
       0
       0
       0
       1
       0
       0
       0
       0
       0
       0
       0
       1
       0
       0
       0
       1
       0
       0
       0
       0
       0
       0
       0
       0
       0
       1
       0
       1
       0
       0
       0
       0
       0
       0
       0
       0
       0
       0
       0
       1
       0
       0
       1
       0
       0
       1
       1
       0
       0
       1
       0
       0
       0
       0
       0
       0
       0
       0
       0
       1
       0
       0
       0
       0
       0
       0
       0
       1
       0
       0
       0
       2
       0
       0
       0
       0
       0
       1
       0
       0
       0
       0
       0
       1
       0
       0
       0
       1
       0
       1
       0
       0
       0
       0
       0
       0
       0
       0
       1
       1
       0
       0
       0
       0
       0
       0
       0
       1
       0
       0
       1
       0
       0
       0
       0
       0
       0
       0
       0
       0
       1
       0
       0
       0
       0
       0
       0
       0
       0
       0
       0
       0
       0
       0
       0
       0
       0
       1
       0
       0
       0
       0
       0
       0
       0
       0
       0
       2
       1
       0
       0
       0
       0
       0
       0
       0
       0
       1
       0
       0
       1
       0
       0
       0
       0
       0
       0
       0
       0
       0
       0
       1
       0
       0
       0
       0
       0
       0
       0
       0
       0
       0
       1
       0
       0
       0
       0
       0
       0
       0
       0
       0
       0
       0
       1
       0
       0
       0
       0
       0
       0
       0
       1
       0
       0
       0
       0
       1
       0
       1
       2
       2
       1
       0
       0
       0
       1
       0
       0
       1
       0
       0
       0
       0
       0
       0
       0
       0
       0
       2
       1
       1
       0
       1
       0
       0
       0
       0
       1
       0
       0
       0
       0
       1
       1
       0
       0
       0
       1
       1
       1
       2
       0
       0
       2
       0
       0
       2
       0
       0
       0
       0
       0
       0
       2
       0
       0
       0
       1
       0
       1
       0
       0
       0
       0
       0
       0
       1
       0
       1
       0
       0
       0
       0
       0
       0
       1
       0
       0
       0
       0
       0
       1
       0
       0
       0
       0
       0
       0
       0
       0
       0
       0
       1
       0
       0
       0
       1
       0
       0
       0
       0
       0
       0
       0
       0
       0
       0
       0
       0
       0
       0
       0
       0
       3
       0
       0
       0
       1
       0
       1
       0
       0
       0
       0
       0
       0
       0
       0
       0
       0
       0
       0
       0
       0
       0
       0
       0
       0
       0
       0
       0
       0
       1
       0
       0
       0
       1
       0
       0
       0
       0
       1
       2
       0
       0
       0
       0
       0
       0
       0
       0
       0
       0
       0
       0
       0
       0
       0
       0
       0
       0
       0
       1
       0
       0
       0
       0
       1
       0
       0
       0
       1
       0
       0
       0
       0
       0
       0
       0
       0
       0
       0
       0
       1
       0
       0
       0
       0
       0
       0
       0
       0
       2
       0
       0
       0
       0
       1
       0
       0
       0
       0
       0
       0
       0
       0
       0
       1
       0
       0
       0
       1
       0
       0
       0
       0
       1
       0
       0
       1
       1
       0
       0
       0
       1
       0
       0
       1
       0
       0
       0
       0
       0
       0
       0
       1
       0
       0
       0
       0
       0
       0
       0
       0
       1
       0
       0
       0
       0
       0
       0
       0
       0
       0
       0
       0
       1
       0
       0
       0
       0
       0
       0
       0
       0
       0
       0
       0
       0
       0
       1
       0
       0
       0
       0
       0
       0
       0
       0
       0
       0
       0
       0
       0
       0
       0
       0
       0
       0
       0
       0
       0
       0
       0
       0
       0
       0
       0
       0
       0
       0
       0
       1
       0
       0
       0
       0
       0
       0
       0
       0
       0
       0
       0
       0
       0
       0
       0
       0
       0
       1
       0
       0
       0
       0
       0
       0
       0
       0
       0
       0
       0
       0
       0
       0
       0
       0
       0
       0
       0
       0
       0
       0
       0
       0
       0
       0
       0
       0
       0
       1
       0
       0
       0
       0
       0
       0
       0
       1
       0
       0
       0
       0
       0
       0
       0
       0
       0
       0
       0
       0
       0
       0
       0
       0
       0
       0
       0
       0
       0
       0
       0
       0
       0
       0
       0
       0
       0
       0
       0
       0
       0
       0
       0
       0
       0
       0
       0
       0
       0
       0
       0
       0
       0
       0
       0
       0
       0
       0
       0
       0
       0
       0
       0
       0
       0
       0
       0
       0
       0
       0
       0
       0
       0
       0
       0
       0
       0
       0
       0
       0
       0
       0
       0
       0
       0
       0
       0
       0
       0
       0
       0
       0
       0
       0
       0
       0
       0
       0
       0
       0
       0
       0
       0
       0
       0
       0
       0
       0
       0
       0
       0
       0
       0
       0
       0
       0
       0
       0
       0
       0
       0
       0
       0
       0
       0
       0
       0
       0
       0
       0
       0
       0
       0
       0
       0
       0
       0
       0
       0
       0
       0
       0
       0
       0
       0
       0
       0
       0
       0
       0
       0
       0
       0
       0
       0
       0
       0
       0
       0
       0
       0
       0
       0
       0
       0
       0
       0
       0
       0
       0
       0
       0
       0
       0
       0
       0
       0
       0
       0
       0
       0
       0
       0
       0
       0
       0
       0
       0
       0
       0
       0
       0
       0
       0
       0
       0
       0
       0
       0
       0
       0
       0
       0
       0
       0
       0
       0
       0
       0
       0
       0
       0
       0
       0
       0
       0
       0
       0
       0
       0
       0
       0
       0
       0
       0
       0
       0
       0
       0
       0
       0
       0
       0
       0
       0
       0
       0
       0
       0
       0
       0
       0
       0
       0
       0
       0
       0
       0
       0
       0
       0
       0
       1
       0
       0
       0
       0
       0
       0
       0
       0
       0
       0
       0
       0
       0
       0
       0
       0
       0
       0
       0
       0
       0
       0
       0
       0
       0
       0
       0
       0
       0
       0
       0
       0
       0
       0
       0
       0
       0
       0
       0
       0
       0
       0
       0
       0
       0
       0
       0
       0
       0
       0
       0
       0
       0
       0
       0
       0
       0
       0
       0
       0
       0
       0
       0
       0
       0
       0
       0
       0
       0
       0
       0
       0
       0
       0
       0
       0
       0
       0
       0
       0
       0
       0
       0
       0
       0
       0
       0
       0
       0
       0
       0
       0
       0
       0
       0
       0
       0
       0
       0
       0
       0
       0
       0
       0
       0
       0
       0
       0
       0
       0
       0
       0
       0
       0
       0
       0
       0
       0
       0
       0
       0
       0
       0
       0
       0
       0
       0
       0
       0
       0
       0
       0
       0
       0
       0
       0
       0
       0
       0
       0
       0
       0
       0
       0
       0
       0
       0
       0
       0
       0
       0
       0
       0
       0
       0
       0
       0
       0
       0
       0
       0
       0
       0
       0
       0
       0
       0
       0
       0
       0
       0
       0
       0
       0
       0
       0
       0
       0
       0
       0
       0
       0
       0
       0
       0
       0
       0
       0
       0
       0
       0
       0
       0
       0
       0
       0
       0
       0
       0
       0
       0
       0
       0
       0
       0
       0
       0
       0
       0
       0
       0
       0
       0
       0
       0
       0
       0
       0
       0
       0
       0
       0
       0
       0
       0
       0
       0
       0
       0
       0
       0
       0
       0
       0
       0
       0
       0
       0
       0
       0
       0
       0
       0
       0
       0
       0
       0
       0
       0
       0
       0
       0
       0
       0
       0
       0
       0
       0
       0
       0
       0
       0
       0
       0
       0
       0
       0
       0
       0
       0
       0
       0
       0
       0
       0
       0
       0
       0
       0
       0
       0
       0
       0
       0
       0
       0
       0
       0
       0
       0
       0
       0
       0
       0
       0
       0
       0
       0
       0
       0
       0
       0
       0
       0
       0
       0
       0
       0
       0
       0
       0
       0
       0
       0
       0
       0
       0
       0
       0
       0
       0
       0
       0
       0
       0
       0
       0
       0
       0
       0
       0
       0
       0
       0
       0
       0
       0
       0
       0
       0
       0
       0
       0
       0
       0
       0
       0
       0
       0
       0
       0
       0
       0
       0
       0
       0
       0
       0
       0
       0
       0
       0
       0
       0
       0
       0
       0
       0
       0
       0
       0
       0
       0
       0
       0
       0
       0
       0
       0
       0
       0
       0
       0
       0
       0
       0
       0
       0
       0
       0
       0
       0
       0
       0
       0
       0
       0
       0
       0
       0
       0
       0
       0
       0
       0
       0
       0
       0
       0
       0
       0
       0
       0
       0
       0
       0
       0
       0
       0
       0
       0
       0
       0
       0
       0
       0
       0
       0
       0
       0
       0
       0
       0
       0
       0
       0
       0
       0
       0
       0
       0
       0
       0
       0
       0
       0
       0
       0
       0
       0
       0
       0
       0
       0
       0
       0
       0
       0
       0
       0
       0
       0
       0
       0
       0
       0
       0
       0
       0
       0
       0
       0
       0
       0
       0
       0
       0
       0
       0
       0
       0
       0
       0
       0
       0
       0
       0
       0
       0
       0
       0
       0
       0
       0
       0
       0
       0
       0
       0
       0
       0
       0
       0
       0
       0
       0
       0
       0
       0
       0
       0
       0
       0
       0
       0
       0
       0
       0
       0
       0
       0
       0
       0
       0
       0
       0
       0
       0
       0
       0
       0
       0
       0
       0
       0
       0
       0
       0
       0
       0
       0
       0
       0
       0
       0
       0
       0
       0
       0
       0
       0
       0
       0
       0
       0
       0
       0
       0
       0
       0
       0
       0
       0
       0
       0
       0
       0
       0
       0
       0
       0
       0
       0
       0
       0
       0
       0
       0
       0
       0
       0
       0
       0
       0
       0
       0
       0
       0
       0
       0
       0
       0
       0
       0
       0
       0
       0
       0
       0
       0
       0
       0
       0
       0
       0
       0
       0
       0
       0
       0
       0
       0
       0
       0
       0
       0
       0
       0
       0
       0
       0
       0
       0
       0
       0
       0
       0
       0
       0
       0
       0
       0
       0
       0
       0
       0
       0
       0
       0
       0
       0
       0
       0
       0
       0
       0
       0
       0
       0
       0
       0
       0
       0
       0
       0
       0
       0
       0
       0
       0
       0
       0
       0
       0
       0
       0
       0
       0
       0
       0
       0
       0
       0
       0
       0
       0
       0
       0
       0
       0
       0
       0
       0
       0
       0
       0
       0
       0
       0
       0
       0
       0
       0
       0
       0
       0
       0
       0
       0
       0
       0
       0
       0
       0
       0
       0
       0
       0
       0
       0
       0
       0
       0
       0
       0
       0
       0
       0
       0
       0
       0
       0
       0
       0
       0
       0
       0
       0
       0
       0
       0
       0
       0
       0
       0
       0
       0
       0
       0
       0
       0
       0
       0
       0
       0
       0
       0
       0
       0
       0
       0
       0
       0
       0
       0
       0
       0
       0
       0
       0
       0
       0
       0
       0
       0
       0
       0
       0
       0
       0
       0
       0
       0
       0
       0
       0
       0
       0
       0
       0
       0
       0
       0
       0
       0
       0
       0
       0
       0
       0
       0
       0
       0
       0
       0
       0
       0
       0
       0
       0
       0
       0
       0
       0
       0
       0
       0
       0
       0
       0
       0
       0
       0
       0
       0
       0
       0
       0
       0
       0
       0
       0
       0
       0
       0
       0
       0
       0
       0
       0
       0
       0
       0
       0
       0
       0
       0
       0
       0
       0
       0
       0
       0
       0
       0
       0
       0
       0
       0
       0
       0
       0
       0
       0
       0
       0
       0
       0
       0
       0
       0
       0
       0
       0
       0
       0
       0
       0
       0
       0
       0
       0
       0
       0
       0
       0
       0
       0
       0
       0
       0
       0
       0
       0
       0
       0
       0
       0
       0
       0
       0
       0
       0
       0
       0
       0
       0
       0
       0
       0
       0
       0
       0
       0
       0
       0
       0
       0
       0
       0
       0
       0
       0
       0
       0
       0
       0
       0
       0
       0
       0
       0
       0
       0
       0
       0
       0
       0
       0
       0
       0
       0
       0
       0
       0
       0
       0
       0
       0
       0
       0
       0
       0
       0
       0
       0
       0
       0
       0
       0
       0
       0
       0
       0
       0
       0
       0
       0
       0
       0
       0
       0
       0
       0
       0
       0
       0
       0
       0
       0
       0
       0
       0
       0
       0
       0
       0
       0
       0
       0
       0
       0
       0
       0
       0
       0
       0
       0
       0
       0
       0
       0
       0
       0
       0
       0
       0
       0
       0
       0
       0
       0
       0
       0
       0
       0
       0
       0
       0
       0
       0
       0
       0
       0
       0
       0
       0
       0
       0
       0
       0
       0
       0
       0
       0
       0
       0
       0
       0
       0
       0
       0
       0
       0
       0
       0
       0
       0
       0
       0
       0
       0
       0
       0
       0
       0
       0
       0
       0
       0
       0
       0
       0
       0
       0
       0
       0
       0
       0
       0
       0
       0
       0
       0
       0
       0
       0
       0
       0
       0
       0
       0
       0
       0
       0
       0
       0
       0
       0
       0
       0
       0
       0
       0
       0
       0
       0
       0
       0
       0
       0
       0
       0
       0
       0
       0
       0
       0
       0
       0
       0
       0
       0
       0
       0
       0
       0
       0
       0
       0
       0
       0
       0
       0
       0
       0
       0
       0
       0
       0
       0
       0
       0
       0
       0
       0
       0
       0
       0
       0
       0
       0
       0
       0
       0
       0
       0
       0
       0
       0
       0
       0
       0
       0
       0
       0
       0
       0
       0
       0
       0
       0
       0
       0
       0
       0
       0
       0
       0
       0
       0
       0
       0
       0
       0
       0
       0
       1
       0
       0
       0
       0
       0
       0
       0
       0
       0
       0
       0
       0
       0
       0
       0
       0
       0
       0
       0
       0
       0
       0
       0
       0
       0
       0
       0
       0
       0
       0
       0
       0
       0
       0
       0
       0
       0
       0
       0
       0
       0
       0
       0
       0
       0
       0
       0
       0
       0
       0
       0
       0
       0
       0
       0
       0
       0
       0
       0
       0
       0
       0
       0
       0
       0
       0
       0
       0
       0
       0
       0
       0
       0
       0
       0
       0
       0
       0
       0
       0
       0
       0
       0
       0
       0
       0
       0
       0
       0
       0
       0
       0
       0
       0
       0
       0
       0
       0
       0
       0
       0
       0
       0
       0
       0
       0
       0
       0
       0
       0
       0
       0
       0
       0
       0
       0
       0
       0
       0
       0
       0
       0
       0
       0
       0
       0
       0
       0
       0
       0
       0
       0
       0
       0
       0
       0
       0
       0
       0
       0
       0
       0
       0
       0
       0
       0
       0
       0
       0
       0
       0
       0
       0
       0
       0
       0
       0
       0
       0
       0
       0
       0
       0
       0
       0
       0
       1
       0
       0
       0
       0
       0
       0
       0
       0
       0
       0
       0
       0
       0
       0
       0
       0
       0
       0
       0
       0
       0
       0
       0
       0
       0
       0
       0
       0
       0
       0
       0
       0
       0
       0
       0
       0
       0
       0
       0
       0
       0
       0
       0
       0
       0
       0
       0
       0
       0
       0
       0
       0
       0
       0
       0
       0
       0
       0
       0
       0
       0
       0
       0
       0
       0
       0
       0
       0
       0
       0
       0
       0
       0
       0
       0
       0
       0
       0
       0
       0
       0
       0
       0
       0
       0
       0
       0
       0
       0
       0
       0
       0
       0
       0
       0
       0
       0
       0
       0
       0
       0
       0
       0
       0
       0
       0
       0
       0
       0
       0
       0
       0
       0
       0
       0
       0
       0
       0
       0
       0
       0
       0
       0
       0
       0
       0
       0
       0
       0
       0
       0
       0
       0
       0
       0
       0
       0
       0
       0
       0
       0
       0
       0
       0
       0
       0
       0
       0
       0
       0
       0
       0
       0
       0
       0
       0
       0
       0
       0
       0
       0
       0
       0
       0
       0
       0
       0
       0
       0
       0
       0
       0
       0
       0
       0
       0
       0
       0
       0
       0
       0
       0
       0
       0
       0
       0
       0
       0
       0
       0
       0
       0
       0
       0
       0
       0
       0
       0
       0
       0
       0
       0
       0
       0
       0
       0
       0
       0
       0
       0
       0
       0
       0
       0
       0
       0
       0
       0
       0
       0
       0
       0
       0
       0
       0
       0
       0
       0
       0
       0
       0
       0
       0
       0
       0
       0
       0
       0
       0
       0
       0
       0
       0
       0
       0
       0
       0
       0
       0
       0
       0
       0
       0
       0
       0
       0
       0
       0
       0
       0
       0
       0
       0
       0
       0
       0
       0
       0
       0
       0
       0
       0
       0
       0
       0
       0
       0
       0
       0
       0
       0
       0
       0
       0
       0
       0
       0
       0
       0
       0
       0
       0
       0
       0
       0
       0
       0
       0
       0
       0
       0
       0
       0
       0
       0
       0
       0
       0
       0
       0
       0
       0
       0
       0
       0
       0
       0
       0
       0
       0
       0
       0
       0
       0
       0
       0
       0
       0
       0
       0
       0
       0
       0
       0
       0
       0
       0
       0
       0
       0
       0
       0
       0
       0
       0
       0
       0
       0
       0
       0
       0
       0
       0
       0
       0
       0
       0
       0
       0
       0
       0
       0
       0
       0
       0
       0
       0
       0
       0
       0
       0
       0
       0
       0
       0
       0
       0
       0
       0
       0
       0
       0
       0
       0
       0
       0
       0
       0
       0
       0
       0
       0
       0
       0
       0
       0
       0
       0
       0
       0
       0
       0
       0
       0
       0
       0
       0
       0
       0
       0
       0
       0
       0
       0
       0
       0
       0
       0
       0
       0
       0
       0
       0
       0
       0
       0
       0
       0
       0
       0
       0
       0
       0
       0
       0
       0
       0
       0
       0
       0
       0
       0
       0
       0
       0
       0
       0
       0
       0
       0
       0
       0
       0
       0
       0
       0
       0
       0
       0
       0
       0
       0
       0
       1
       0
       0
       0
       0
       0
       0
       0
       0
       0
       0
       0
       0
       0
       0
       0
       0
       0
       0
       0
       0
       0
       0
       0
       0
       0
       0
       0
       0
       0
       0
       0
       0
       0
       0
       0
       0
       0
       0
       0
       0
       0
       0
       0
       0
       0
       0
       0
       0
       0
       0
       0
       0
       0
       0
       0
       0
       0
       0
       0
       0
       0
       0
       0
       0
       0
       0
       0
       0
       0
       0
       0
       0
       0
       0
       0
       0
       0
       0
       0
       0
       0
       0
       0
       0
       0
       0
       0
       0
       0
       0
       0
       0
       0
       0
       0
       0
       0
       0
       0
       0
       0
       0
       0
       0
       0
       0
       0
       0
       0
       0
       0
       0
       0
       0
       0
       0
       0
       0
       0
       0
       0
       0
       0
       0
       0
       0
       0
       0
       0
       0
       0
       0
       0
       0
       0
       0
       0
       0
       0
       0
       0
       0
       0
       0
       0
       0
       0
       0
       0
       0
       0
       0
       0
       0
       0
       0
       0
       0
       0
       0
       0
       0
       0
       0
       0
       0
       0
       0
       0
       0
       0
       0
       0
       0
       0
       0
       0
       0
       0
       0
       0
       0
       0
       0
       0
       0
       0
       0
       0
       0
       0
       0
       0
       0
       0
       0
       0
       0
       0
       0
       0
       0
       0
       0
       0
       0
       0
       0
       0
       0
       0
       0
       0
       0
       0
       0
       0
       0
       0
       0
       0
       0
       0
       0
       0
       0
       0
       0
       0
       0
       0
       0
       0
       0
       0
       0
       0
       0
       0
       0
       0
       0
       0
       0
       0
       0
       0
       0
       0
       0
       0
       0
       0
       0
       0
       0
       0
       0
       0
       0
       0
       0
       0
       0
       0
       0
       0
       0
       0
       0
       0
       0
       0
       0
       0
       0
       0
       0
       0
       0
       0
       0
       0
       0
       0
       0
       0
       0
       0
       0
       0
       0
       0
       0
       0
       0
       0
       0
       0
       0
       0
       0
       0
       0
       0
       0
       0
       0
       0
       0
       0
       0
       0
       0
       0
       0
       0
       0
       0
       0
       0
       0
       0
       0
       0
       0
       0
       0
       0
       0
       0
       0
       0
       0
       0
       0
       0
       0
       0
       0
       0
       0
       0
       0
       0
       0
       0
       0
       0
       0
       0
       0
       0
       0
       0
       0
       0
       0
       0
       0
       0
       0
       0
       0
       0
       0
       0
       0
       0
       0
       0
       0
       0
       0
       0
       0
       0
       0
       0
       0
       0
       0
       0
       0
       0
       0
       0
       0
       0
       0
       0
       0
       0
       0
       0
       0
       0
       0
       0
       0
       0
       0
       0
       0
       0
       0
       0
       0
       0
       0
       0
       0
       0
       0
       0
       0
       0
       0
       0
       0
       0
       0
       0
       0
       0
       0
       0
       0
       0
       0
       0
       0
       0
       0
       0
       0
       0
       0
       0
       0
       0
       0
       0
       0
       0
       0
       0
       0
       0
       0
       0
       0
       0
       0
       0
       0
       0
       0
       0
       0
       0
       0
       0
       0
       0
       0
       0
       0
       0
       0
       0
       0
       0
       0
       0
       0
       0
       0
       0
       0
       0
       0
       0
       0
       0
       0
       0
       0
       0
       0
       0
       0
       0
       0
       0
       0
       0
       0
       0
       0
       0
       0
       0
       0
       0
       0
       0
       0
       0
       0
       0
       0
       0
       0
       0
       0
       0
       0
       0
       0
       0
       0
       0
       0
       0
       0
       0
       0
       0
       0
       0
       0
       0
       0
       0
       0
       0
       0
       0
       0
       0
       0
       0
       0
       0
       0
       0
       0
       0
       0
       0
       0
       0
       0
       0
       0
       0
       0
       0
       0
       0
       0
       0
       0
       0
       0
       0
       0
       0
       0
       0
       0
       0
       0
       0
       0
       0
       0
       0
       0
       0
       0
       0
       0
       0
       0
       0
       0
       0
       0
       0
       0
       0
       0
       0
       0
       0
       0
       0
       0
       0
       0
       0
       0
       0
       0
       0
       0
       0
       0
       0
       0
       0
       0
       0
       0
       0
       0
       0
       0
       0
       0
       0
       0
       0
       0
       0
       0
       0
       0
       0
       0
       0
       0
       0
       0
       0
       0
       0
       0
       0
       0
       0
       0
       0
       0
       0
       0
       0
       0
       0
       0
       0
       0
       0
       0
       0
       0
       0
       0
       0
       0
       0
       0
       0
       0
       0
       0
       0
       0
       0
       0
       0
       0
       0
       0
       0
       0
       0
       0
       0
       0
       0
       0
       0
       0
       0
       0
       0
       0
       0
       0
       0
       0
       0
       0
       0
       0
       0
       0
       0
       0
       0
       0
       0
       0
       0
       0
       0
       0
       0
       0
       0
       0
       0
       0
       0
       0
       0
       0
       0
       0
       0
       0
       0
       0
       0
       0
       0
       0
       0
       0
       0
       0
       0
       0
       0
       0
       0
       0
       0
       0
       0
       0
       0
       0
       0
       0
       0
       0
       0
       0
       0
       0
       0
       0
       0
       0
       0
       0
       0
       0
       0
       0
       0
       0
       0
       0
       0
       0
       0
       0
       0
       0
       0
       0
       0
       0
       0
       0
       0
       0
       0
       0
       0
       0
       0
       0
       0
       0
       0
       0
       0
       0
       0
       0
       0
       0
       0
       0
       0
       0
       0
       0
       0
       0
       0
       0
       0
       0
       0
       0
       0
       0
       0
       0
       0
       0
       0
       0
       0
       0
       0
       0
       0
       0
       0
       0
       0
       0
       0
       0
       0
       0
       0
       0
       0
       0
       0
       0
       0
       0
       0
       0
       0
       0
       0
       0
       0
       0
       0
       0
       0
       0
       0
       0
       0
       0
       0
       0
       0
       0
       0
       0
       0
       0
       0
       0
       0
       0
       0
       0
       0
       0
       0
       0
       0
       0
       0
       0
       0
       0
       0
       0
       0
       0
       0
       0
       0
       0
       0
       0
       0
       0
       0
       0
       0
       0
       0
       0
       0
       0
       0
       0
       0
       0
       0
       0
       0
       0
       0
       0
       0
       0
       0
       0
       0
       0
       0
       0
       0
       0
       0
       0
       0
       0
       0
       0
       0
       0
       0
       0
       0
       0
       0
       0
       0
       0
       0
       0
       0
       0
       0
       0
       0
       0
       0
       0
       0
       0
       0
       0
       0
       0
       0
       0
       0
       0
       0
       0
       0
       0
       0
       0
       0
       0
       0
       0
       0
       0
       0
       0
       0
       0
       0
       0
       0
       0
       0
       0
       0
       0
       0
       0
       0
       0
       0
       0
       0
       0
       0
       0
       0
       0
       0
       0
       0
       0
       0
       0
       0
       0
       0
       0
       0
       0
       0
       0
       0
       0
       0
       0
       0
       0
       0
       0
       0
       0
       0
       0
       0
       0
       0
       0
       0
       0
       0
       0
       0
       0
       0
       0
       0
       0
       0
       0
       0
       0
       0
       0
       0
       0
       0
       0
       0
       0
       0
       0
       0
       0
       0
       0
       0
       0
       0
       0
       0
       0
       0
       0
       0
       0
       0
       0
       0
       0
       0
       0
       0
       0
       0
       0
       0
       0
       0
       0
       0
       0
       0
       0
       0
       0
       0
       0
       0
       0
       0
       0
       0
       0
       0
       0
       0
       0
       0
       0
       0
       0
       0
       0
       0
       0
       0
       0
       0
       0
       0
       0
       0
       0
       0
       0
       0
       0
       0
       0
       0
       0
       0
       0
       0
       0
       0
       0
       0
       0
       0
       0
       0
       0
       0
       0
       0
       0
       0
       0
       0
       0
       0
       0
       0
       0
       0
       0
       0
       0
       0
       0
       0
       0
       0
       0
       0
       0
       0
       0
       0
       0
       0
       0
       0
       0
       0
       0
       0
       0
       0
       0
       0
       0
       0
       0
       0
       0
       0
       0
       0
       0
       0
       0
       0
       0
       0
       0
       0
       0
$ROI:
0
$PRESETS:
None
0
0
$ENER_FIT:
0.000000 0.000000
$MCA_CAL:
3
0.000000E+000 0.000000E+000 0.000000E+000 
$SHAPE_CAL:
3
0.000000E+000 0.000000E+000 0.000000E+000
