$SPEC_ID:
No sample description was entered.
$SPEC_REM:
DET# 1
DETDESC# ELIMED2-PC Easy-MCA-8k SN 19133189
AP# Maestro Version 7.01
$DATE_MEA:
12/16/2019 14:40:16
$MEAS_TIM:
646 648
$DATA:
0 8191
       0
       0
       0
       0
       0
       0
       0
       0
       0
       0
       0
       0
       0
       0
       0
       0
       0
       0
       0
       0
       0
       4
       7
      46
     120
     357
    1175
    5401
   20714
   31902
   35040
   38818
   38656
   39549
   41809
   41966
   39433
   32386
   22188
   13167
    7215
    3856
    1893
     854
     488
     368
     369
     349
     335
     289
     300
     293
     299
     271
     271
     272
     258
     256
     206
     215
     214
     197
     241
     195
     175
     186
     207
     165
     157
     153
     153
     162
     140
     142
     144
     141
     126
     138
     118
     154
     130
     117
     117
     116
      96
     110
     101
      95
     108
     113
     107
     104
      91
      92
      90
      98
      85
      86
      99
      96
     109
      78
      88
      83
      89
      79
      86
      78
      90
      81
      71
      93
      84
      81
      70
      66
      76
      67
      81
      82
      66
      74
      72
      56
      91
      63
      71
      73
      66
      60
      64
      64
      57
      59
      63
      69
      61
      57
      50
      45
      54
      53
      61
      71
      67
      49
      46
      56
      63
      60
      45
      63
      45
      57
      47
      51
      65
      57
      58
      45
      53
      43
      58
      44
      60
      38
      47
      54
      51
      47
      50
      48
      52
      47
      47
      57
      49
      54
      53
      47
      48
      44
      46
      56
      51
      47
      50
      38
      43
      43
      43
      53
      34
      35
      45
      48
      37
      42
      41
      33
      44
      39
      41
      34
      40
      39
      35
      56
      37
      35
      42
      45
      38
      31
      41
      42
      33
      50
      38
      39
      38
      37
      45
      53
      37
      48
      37
      32
      37
      41
      25
      36
      32
      26
      44
      37
      36
      41
      31
      30
      37
      39
      32
      37
      28
      35
      30
      48
      32
      27
      34
      38
      37
      23
      31
      30
      44
      33
      32
      35
      27
      35
      25
      35
      33
      32
      29
      21
      28
      33
      28
      31
      27
      32
      26
      28
      37
      36
      26
      35
      35
      31
      33
      31
      27
      38
      29
      27
      24
      39
      30
      21
      25
      26
      30
      43
      26
      31
      27
      37
      39
      35
      25
      31
      35
      28
      37
      27
      32
      30
      30
      35
      22
      33
      34
      19
      34
      30
      25
      40
      28
      25
      26
      25
      33
      35
      25
      37
      34
      34
      22
      28
      32
      27
      33
      29
      29
      28
      28
      28
      20
      28
      33
      21
      24
      29
      35
      28
      27
      23
      20
      30
      21
      35
      28
      25
      30
      26
      32
      28
      29
      29
      24
      30
      29
      32
      20
      19
      30
      25
      32
      31
      24
      31
      30
      31
      29
      25
      29
      22
      20
      27
      27
      23
      37
      25
      22
      31
      30
      24
      25
      18
      22
      27
      23
      23
      19
      34
      22
      29
      30
      28
      28
      29
      26
      32
      21
      33
      25
      35
      26
      17
      36
      34
      31
      30
      31
      29
      26
      23
      27
      24
      14
      18
      21
      28
      19
      30
      27
      28
      21
      41
      21
      21
      17
      29
      23
      22
      28
      32
      23
      19
      27
      20
      27
      21
      21
      26
      19
      20
      24
      24
      35
      25
      32
      27
      26
      35
      19
      24
      24
      27
      24
      18
      16
      26
      26
      19
      25
      26
      30
      22
      17
      31
      23
      27
      23
      23
      21
      24
      23
      30
      19
      23
      17
      22
      26
      26
      24
      21
      26
      24
      24
      22
      22
      30
      26
      25
      33
      25
      34
      18
      20
      22
      18
      31
      29
      25
      22
      25
      15
      16
      20
      27
      24
      21
      22
      21
      35
      30
      25
      18
      21
      17
      20
      21
      32
      33
      16
      19
      22
      16
      19
      25
      17
      27
      16
      21
      26
      23
      27
      18
      29
      26
      16
      21
      25
      26
      19
      29
      27
      29
      28
      18
      23
      22
      15
      25
      26
      26
      22
      20
      22
      20
      29
      22
      26
      25
      19
      19
      27
      18
      17
      23
      21
      27
      25
      21
      17
      17
      24
      22
      21
      22
      16
      31
      19
      22
      15
      24
      24
      23
      18
      19
      29
      25
      20
      22
      15
      22
      20
      29
      21
      20
      23
      21
      23
      20
      16
      18
      20
      18
      19
      27
      22
      24
      19
      22
      28
      18
      20
      21
      19
      27
      27
      18
      24
      24
      15
      19
      25
      25
      21
      18
      25
      20
      16
      25
      20
      27
      19
      21
      23
      24
      22
      16
      26
      29
      20
      21
      22
      14
      18
      22
      30
      24
      19
      18
      20
      15
      24
      20
      17
      21
      17
      19
      23
      20
      19
      22
      16
      16
      28
      11
      29
      20
      18
      26
      23
      15
      22
      22
      20
      19
      24
      19
      18
      16
      20
      24
      21
      24
      30
      14
      24
      23
      24
      18
      20
      17
      25
      20
      15
      15
      22
      17
      16
      20
      25
      21
      15
      10
      19
      20
      22
      23
      25
      24
      20
      32
      29
      18
      17
      24
      22
      20
      17
      25
      22
      19
      15
      24
      18
      20
      13
      13
      12
      19
      19
      14
      20
      28
      10
      13
      18
      18
      26
      18
      14
      17
      24
      22
      19
      18
      27
      25
      15
      17
      16
      19
      16
      16
      19
      17
      17
      20
      22
      14
      17
      22
      18
      23
      26
      23
      24
      18
      22
      14
      27
      27
      18
      25
      16
      13
      24
      22
      20
      15
      25
      12
      14
      21
      23
      20
      10
      19
      21
      12
      18
      18
      18
      22
      20
      14
      23
      12
      30
      15
      10
      19
      22
      21
      11
      22
      16
      17
      16
      21
      22
      23
      14
      14
      16
      14
      15
      15
      25
      23
      11
      13
      15
      13
      15
       6
      16
      21
      19
      19
      21
      20
      17
      19
      17
      19
      18
      18
      12
      17
      19
      16
      19
      35
      20
      11
      22
      18
      20
      17
       9
      12
      16
       9
      14
      21
      28
      18
      19
      21
      16
      15
      24
      23
      10
      18
      17
      14
      21
      24
      10
      11
      14
      11
      26
      17
      16
      14
      17
      16
      17
      20
      11
      12
      24
      17
      17
      15
      23
      18
      13
      17
       9
      19
      20
      17
      19
      28
      10
      26
       8
      12
      28
      18
      19
      21
      17
      22
      19
      15
      10
      14
      25
      15
      15
      14
      15
      20
      21
      17
      12
      10
      10
      15
      19
      14
      16
      11
      16
      23
      16
      14
      14
      20
      14
      18
      16
      23
      15
      13
      15
      18
      16
      14
      18
      18
      18
      19
      13
      20
      17
      15
      13
      21
      17
      16
      12
      21
      12
      18
      16
      23
      12
      14
      20
      13
      19
      19
      17
      11
      13
      16
      17
      22
      22
      21
      15
       9
      15
      12
      14
      10
      19
      12
      15
      18
      11
      19
      15
      15
      28
      14
      15
      12
      17
      12
      24
      17
      18
      11
      12
      25
      15
      15
      25
      21
      16
      15
      14
       9
      12
      20
      12
      13
      15
      19
      14
      10
      21
       8
      10
      10
      19
      19
      18
      20
      13
      11
       7
      16
      18
      14
      20
      16
      15
      16
      20
      19
      20
      14
      21
      13
      13
      22
      12
      17
      21
      19
      17
      18
      21
      16
      18
      13
       9
      11
      19
      19
      10
      18
      24
      15
       8
      11
      14
      14
      23
      14
      11
      12
      25
      17
      16
      17
      18
      21
      19
      18
      17
      16
      17
      12
      21
      19
      21
      17
      15
      21
      14
      25
      16
      21
      20
      15
      17
      10
      15
      30
      19
      14
      11
      16
      15
      19
      17
      14
      14
      10
      10
      10
      20
      16
      14
      11
       6
      16
      17
      12
       9
      20
      14
      12
      14
      11
      20
      16
      17
      15
      10
      12
      13
      23
      14
      17
      10
      20
      18
      16
      12
      13
      20
      18
      19
      10
      11
      20
      15
      15
      18
      18
      10
       9
      10
      16
      17
       8
      27
      10
      15
      10
      12
      13
      19
      14
      26
      15
      19
      12
      14
      23
      17
       8
      20
      15
      12
       6
      16
      12
      20
      13
      17
      12
      11
      14
      21
      15
      15
      17
      14
      20
      14
      15
      18
      16
      17
      10
      16
      13
      12
      15
      16
      15
      14
      15
      17
      22
      15
      16
      20
      14
      16
       9
      16
      14
      11
      18
      15
      17
      18
      13
       8
      16
      12
      16
      14
      14
      14
      12
      15
      14
      14
      15
      13
      20
      12
      18
      18
      14
      14
      10
      14
      15
      16
      12
      19
       7
      15
      14
      14
      12
      17
       8
      13
      10
       8
      10
      13
       9
      18
       9
      15
      12
      14
      18
      13
      18
      13
      14
      12
       9
      22
      13
       7
      13
      15
       9
      12
      17
      21
      14
      13
      15
      15
       6
      18
      15
      14
      13
       8
      18
      12
      18
      16
      14
      13
      18
       8
      20
      12
       8
       9
      11
      12
      13
      15
      14
      16
      10
      12
      16
      15
      18
      21
      11
       5
      22
      16
       9
      11
      15
      22
      15
      11
      19
      12
      17
      11
      16
      12
      15
      14
      10
      10
      13
      12
      16
      13
      14
      16
       8
      13
      12
      11
      15
      12
      11
      13
      15
      10
      12
      12
      11
      11
      17
      15
      11
       9
      12
      13
      10
      12
      13
      18
       8
      11
      10
      17
      12
      20
      16
      22
       6
       7
      10
      14
      12
      16
      14
      14
      17
      17
       9
      25
      14
      16
      13
      13
      16
      10
      10
      20
      12
      15
      11
      14
      12
      14
      17
      11
       8
      10
      10
      20
      12
      12
      12
      18
       6
      10
      12
      16
      14
      14
      16
      12
      10
      10
      19
      19
      11
      13
      18
       7
      14
      12
      19
      10
      19
      16
       9
      20
      12
      10
      15
      17
      15
      15
      17
       9
      17
      12
      10
      12
      14
      16
      21
      11
       8
      20
      16
      12
      13
      13
      14
      16
       6
      11
      18
      12
      12
      15
      10
      15
       7
      14
      13
      18
      15
      15
      11
       9
      14
      21
       9
      12
      15
      13
      19
      12
      19
      13
      20
      13
      12
      14
      10
      19
      12
      16
       9
      17
      15
      12
      11
      12
      14
      14
      10
      16
      12
      15
      12
      19
      17
      10
      16
      16
       7
       5
       9
      11
      15
      11
      14
      22
      20
      16
      13
      14
      17
      17
      10
      10
       9
      11
      21
      13
      12
       7
      20
      15
       9
      11
      12
      12
      10
      12
      19
       9
       5
      15
      15
      17
      13
      23
      16
      10
      21
      11
      15
      14
      14
      19
      11
      16
       9
      10
      10
      12
      12
      10
      10
      10
      13
      13
      13
       8
      15
      12
      12
      11
      11
      10
       7
      11
      22
       5
      17
      12
      17
      17
      17
      12
       9
       9
      15
      13
      12
      11
      12
      13
      11
      17
      15
      12
       9
      14
      16
      12
      11
      12
       4
      10
      15
      15
      12
      10
      20
      15
      14
       8
       9
      15
      14
      14
      11
      17
      14
      11
      12
       8
      16
       8
      12
      16
      10
      15
      14
       9
      16
      17
      19
       6
      13
      13
      12
      18
      11
      19
      12
      16
      25
      14
      12
      16
       6
      12
      13
       8
      14
      19
      18
      13
      14
      21
       8
       9
      11
      11
      16
      18
       8
      15
      14
       8
      12
      17
      15
      12
      20
      13
      19
      14
      10
      21
      15
      11
      14
       6
      14
       9
       9
      13
      16
      16
      12
      11
      14
       7
      15
      11
       6
      15
       9
      10
      12
      14
      13
      19
      12
       9
       6
      12
      16
      10
      13
      10
      15
      17
      14
       8
      14
      19
      16
      15
      20
      16
      10
      10
      20
      17
      10
      12
      13
      13
       8
      11
      12
      16
      11
      12
      12
      15
      15
       9
      14
      13
       8
       7
       5
      12
      17
      12
      12
       8
       9
      16
      13
      10
      14
       9
      16
      12
      22
      17
      10
      13
      10
      11
      14
      15
      15
      20
      12
      14
      15
       9
      16
      13
       5
      16
      20
      11
      12
      12
      12
      12
      13
      10
       7
       8
      17
      19
      12
      14
      10
      14
      10
      13
      12
      14
      14
       8
      12
      10
       7
       7
      14
       8
      17
       7
       9
      16
      10
      13
      14
      10
      14
      11
       7
      18
      12
       8
      20
      16
      17
      12
       5
      11
      10
      14
       9
       9
       7
      13
      13
      10
      10
      14
       5
      10
      10
       7
      20
      15
      19
      12
      15
      14
       9
       9
       8
      12
       6
       8
      10
      13
       9
      12
      10
       9
       8
      15
      14
      15
      11
      13
      10
      13
      16
      12
       7
      13
       8
      13
      16
      12
      13
      11
      18
      18
      12
      19
      10
       7
       9
       9
      11
      14
      13
      16
      11
      14
      14
      13
       8
      11
      16
      14
      15
      11
      15
      19
      15
       8
      17
       9
      18
      13
      17
      18
      14
      15
       7
       9
       5
      17
      14
      13
      11
      13
      13
      11
      16
      14
      11
      10
       9
      13
      12
       9
      19
      12
      13
       7
      11
       9
       9
      14
      13
      14
      10
      12
       9
       7
       9
       6
      14
      15
      16
      11
      18
      11
      13
       9
      10
       7
      10
      11
       6
      12
       8
      13
      16
       9
      12
      16
      14
      16
      10
      14
       7
      13
      10
      13
       9
       8
       8
      16
      16
      17
      14
      12
       8
      13
      25
      10
       6
      18
       9
      14
       5
      18
      13
       8
      18
      13
      11
       9
      18
      13
       6
      10
       9
      12
       5
      10
       5
       7
      13
      17
      18
      12
       7
      10
       7
      11
      12
      16
       9
       8
      17
      17
      14
       5
      11
      10
      10
      11
      12
       8
      11
      14
      12
      11
      17
       8
      15
      10
      11
      10
      13
       9
      10
      12
       8
      14
       7
      15
      14
      10
      10
      10
      10
      14
       8
      10
      12
      21
      14
      13
      14
      12
      16
      11
      13
      14
      20
      10
      12
      15
      12
      15
      14
      16
      12
       9
       8
      12
      12
      14
       7
      13
       8
       9
      13
      12
      12
      14
      16
      10
      14
      13
      14
      13
      20
      10
      12
       9
       9
       8
       9
      10
      14
      11
      13
       9
      13
      11
      13
       8
      10
      16
      12
      12
       7
       8
       8
      11
      18
      10
      16
       8
      14
       7
      15
      18
      12
      15
      14
      12
      13
      10
       5
      16
      10
      25
      15
       9
      14
      14
       7
      14
      23
      14
      11
      17
      12
       9
      13
       9
      15
      11
      10
      11
      12
      11
       8
       8
      11
       8
      11
      22
       9
      16
      13
       7
      11
      10
      10
      12
      13
       9
      11
      15
      14
      17
      16
      13
      17
      13
      16
       6
      12
      13
      18
      20
      10
      19
      12
      13
      12
       9
      13
      13
       9
      13
       7
      15
      14
      10
      16
      10
      11
       8
      13
      17
      10
      10
      12
      12
       7
      16
      15
       7
      12
       9
      11
      14
      10
      15
      11
      14
       8
      13
      13
      10
       8
      12
       8
      15
       8
      14
      11
       9
       9
      11
      12
      18
      10
      12
      14
      14
       9
      12
       9
       8
      15
      16
       7
      18
      13
      13
       9
      21
       8
      12
       6
       8
      13
       9
      14
      19
      16
      21
      22
      10
      13
       9
      15
      14
      12
      11
      17
      10
      11
      13
      11
      16
      14
      19
      13
       7
       9
      22
      10
       8
      10
      13
      13
      15
       7
      13
      10
      13
       7
      23
      10
      15
       8
      15
      13
      15
       7
       7
       9
      13
      14
      18
      15
      16
       7
       8
      12
      11
      17
      14
      17
      13
      17
      14
       7
      11
      10
       9
      16
       9
      11
      10
      12
       8
      16
       7
      15
      16
      12
      12
       7
      14
      10
       7
      11
      13
      12
      20
       8
      14
      11
       6
      18
      15
      11
       8
      14
      25
       9
      17
       8
      13
      15
      13
      14
      11
      15
      10
      16
      13
       8
      10
      14
      17
       6
      14
      10
      18
       4
      15
      12
      13
      12
      17
      11
      15
       5
      15
      15
      14
       7
      12
      10
      13
      17
      13
      13
      10
      14
      16
      13
       6
      16
       9
      13
      10
       9
      18
      15
      13
      12
       9
      11
      19
       5
      15
      19
      15
      16
      17
      18
      11
      11
      12
      13
      13
      13
      13
      14
       9
      12
       7
      15
      13
      14
      16
      11
      14
      13
      14
      19
      10
      12
      10
       9
      15
      11
      10
      15
      16
      12
      13
      17
      15
      13
       8
      11
      11
      15
      18
       9
      16
      10
       7
      18
      19
      12
       7
      11
      15
       9
      17
      11
      12
      15
      11
      20
      24
       6
       8
      15
      18
      13
      13
      14
       6
      16
      15
       9
       6
      10
      12
      11
      14
      17
      18
      13
      13
      11
      11
      14
      16
       8
      13
      15
      16
      14
      12
      14
      13
      10
      19
      16
       9
      15
      13
      14
       7
      14
      10
      13
       8
       7
       5
      13
      15
       8
      13
       9
      14
      10
       8
       8
      10
       8
       9
      11
       7
      14
      18
      12
      17
       9
      13
      14
      13
      13
      13
      12
      14
      11
      10
      16
      10
      11
       7
      13
      11
       9
       8
      12
      14
      15
       9
      17
      20
       8
      11
      10
      13
      12
      10
      12
      12
       5
      13
      12
      10
      14
      12
      10
       5
      20
       7
      10
      11
       9
      11
      18
      16
      15
      12
      15
      17
       8
      12
      15
      15
      12
      11
      11
      13
      12
       8
       8
      11
      13
      20
      13
      10
      11
      16
      13
      12
       6
      10
       6
      12
      19
      12
      16
       8
      15
      11
       3
      14
      10
      16
      11
      14
      11
      11
      12
      13
      15
      11
       8
      11
      14
      15
      12
       9
      13
      12
      11
      13
       6
      14
      12
      17
      15
       6
      11
      10
      11
      13
      10
      17
      12
      12
      11
      17
      12
      12
      15
      18
      15
       6
      16
       6
      13
      18
      13
      10
      10
      14
      13
       7
      15
       8
      13
      10
       7
      12
      17
      10
      11
      11
       5
       9
      11
      12
      13
      14
      10
      13
      10
      12
      12
      12
      17
       7
      15
       8
      16
       6
      13
       9
      10
      11
      10
      12
      13
      12
      18
      10
      10
      18
      13
      12
       8
      12
      10
       8
      13
       7
       8
      10
      14
      13
      13
      10
      11
      18
       6
      14
      14
       7
       9
      11
      14
      16
      15
      11
      12
      13
      16
      17
      14
       6
       8
       5
      12
      15
       9
      14
      13
      11
      12
      12
      13
      11
       9
      11
      12
      15
       7
      10
       9
      12
      21
      13
      14
      15
      15
      11
      25
      12
      14
      11
      13
      17
      11
      14
      12
       7
      10
       8
      18
      13
      11
      13
      15
      10
      13
       8
      15
      11
      22
      20
       8
      12
      11
      11
       9
      11
      12
       9
       9
      11
      11
       7
      13
      10
      10
       8
       9
      11
      12
       6
      17
       6
      10
      15
      12
       7
      13
      11
      17
      10
      12
      12
      13
      10
      16
      14
      11
       9
      11
      11
      15
       8
      17
      13
       7
       9
      15
      15
       8
      12
      12
      17
      14
      10
      12
      15
      10
      11
       8
      15
      23
      12
      14
       7
      23
      16
      12
      11
      15
       7
       8
      13
      15
      12
       9
      11
      12
      16
      17
      10
      12
       8
       9
      13
       9
       9
      11
      18
      15
       5
      14
       9
      11
      19
      14
      15
      10
      13
      14
       7
      13
      11
      15
      11
      11
      13
      10
      11
      12
      16
      13
      16
      16
      10
      12
      11
       6
      10
      12
      10
      22
      11
      15
      13
       8
      13
      19
      13
      14
      15
      10
      12
      12
      10
      23
      14
      11
      10
      16
       7
      11
      11
       8
      15
      13
      17
      15
      10
       9
      11
      16
       8
       8
      15
      14
      10
      16
      13
       8
      13
      12
      14
       8
      13
      11
      12
      13
      13
       9
      15
       8
      10
       9
       8
      14
       7
      11
      12
      10
      12
      15
       8
      16
      15
      14
      19
      14
      14
      13
      11
      13
      18
       8
      20
      13
       8
      13
       8
      11
      15
      21
      20
      15
       7
       9
       8
      11
       9
       9
      14
      14
      16
      21
      13
      13
      10
      13
       8
       7
      13
      15
      13
      10
      15
      18
       9
       7
      15
       8
      11
      14
      12
      15
      12
       8
       5
      14
      18
      17
      12
      14
      11
      13
      10
      12
       6
      17
      14
       9
      14
      16
      16
       6
       8
      13
      26
       5
      17
      13
      13
      11
      16
      14
      13
       9
      16
      15
      11
      17
      13
      11
      15
      10
      14
      12
       6
      15
      12
      14
       7
      13
      12
      19
      20
      14
      11
      11
      16
      15
      17
      16
      11
      12
      13
      13
      16
      21
      15
       8
      22
      14
      17
      10
      14
       9
      20
      16
      19
      15
      14
      14
      13
      12
      10
      13
      14
      11
       9
      11
      15
      14
      13
       7
       9
       8
      22
      15
      13
       5
      16
      12
      14
      16
      10
      14
      11
      12
      13
      12
      11
       8
       7
      11
      14
      13
      14
      10
      15
       5
      14
       7
       8
      18
      15
      17
      12
      22
      21
      18
       9
      12
      15
      10
      17
      12
      18
       9
       9
       7
      13
      13
       8
      15
      10
      16
      12
      14
      10
      11
      13
      13
      14
       7
       6
      18
      14
      12
      19
      15
      10
      11
      19
      10
      13
      12
      15
      21
      13
      10
      11
      12
      14
      14
      15
       9
      13
      19
      14
      17
      10
      17
      15
      14
       9
      11
      17
      16
       7
      21
      21
      10
       9
      15
      10
      12
      17
      13
       8
      17
       9
      11
       4
       8
      13
      14
      13
      11
      12
      18
      19
      13
      10
      14
      18
      16
      14
      18
      14
      14
       9
      10
      10
       8
      12
      10
      10
      16
      11
      15
      17
      14
      16
      17
      15
      12
      14
      18
      15
      18
      15
      15
      12
      12
      13
      20
      16
      20
      11
       7
      12
      12
      16
      21
      15
      13
      12
      16
      12
      15
      12
      15
      16
      15
      20
      15
      13
      11
      11
      16
      17
      19
      14
      10
      15
      11
      10
      13
      12
      12
      10
      14
      15
      17
      16
       8
      17
      19
      18
      13
      17
      18
       9
      21
      12
      11
       8
      23
       6
      13
      14
      13
      13
       9
      20
      13
      16
      16
      19
      12
      20
      13
      12
      12
      20
      12
      14
       9
       8
      15
       9
       9
       8
       9
      10
      12
      16
      14
      16
       8
      10
      16
      17
       7
      22
      11
      18
      16
      11
      10
      18
      13
      18
      10
      10
      13
      16
      19
       9
      13
      17
      16
      16
      18
      12
      10
      16
      16
       9
      11
      10
      14
      16
       9
       9
      16
      14
      15
      18
      16
      12
       9
      16
       9
      12
      12
      15
       5
      16
      11
      13
      13
      19
      13
      19
      20
       8
      19
      16
      14
      14
       7
      12
      18
       6
      14
      17
      15
      13
      15
      18
      13
      13
      17
      14
      15
      17
      12
      15
      19
      17
      11
      17
      10
      18
      11
      14
      11
       8
      16
      14
      19
      17
      15
      17
      17
      11
      20
      11
      16
      17
      16
      13
      20
      11
      22
      18
      16
      11
      10
      12
      11
      13
      20
      16
      12
      11
      20
      16
      18
      22
      15
      22
      10
      11
      15
      15
      23
      21
      12
      16
      21
       9
      17
      12
      14
      18
      16
      13
      14
      16
      22
      14
      16
      14
      12
      10
      18
      18
      21
       8
      16
      16
      15
      16
      14
      17
      10
      14
       8
      17
      19
       9
      22
      17
      11
      15
      12
      15
      15
      13
      21
      14
       7
      11
      20
      11
      23
      14
      15
       9
      13
       9
      17
      11
      11
      16
       8
      22
      20
      23
      18
      14
      13
      10
      20
      19
      18
      15
      17
      12
      16
      19
      20
      20
      21
      13
      23
      20
      18
      16
      14
      13
      15
      18
      20
      20
      18
      19
      15
      16
      17
      11
      20
      16
      13
      21
      19
      26
      19
      22
      15
      19
      23
      17
      17
      16
      22
      13
      11
      17
      18
      19
      23
      15
      16
      14
      19
      16
      18
      15
      17
      17
      12
       7
      13
      16
      20
      14
      14
      27
      12
      20
      14
      16
      23
      15
      17
      22
      11
      17
      17
      16
      24
      15
      18
      14
      17
      19
      14
      16
      19
      18
      12
      21
      13
      11
      13
      20
      13
      14
      15
      15
      18
      12
      18
      15
      18
      16
      20
      13
      23
      18
      16
      17
      20
      27
      11
      14
      22
      19
      18
      16
      23
      27
      21
      10
      14
      13
      23
      21
      16
      18
      18
      21
      20
      12
      19
      11
      10
      22
      19
      18
      12
      22
      10
      10
      13
      23
      10
      16
      18
      15
      14
      15
      10
      18
      19
      16
      18
      18
      17
      16
      22
      13
      25
      20
      22
      10
      20
      16
      13
      24
      18
      19
      17
      21
      14
      18
      16
      20
      15
      18
      14
      17
      17
      18
      19
      15
      22
      19
      19
      14
      12
      20
      18
      13
      21
      17
      16
      23
      20
      17
      22
      16
      16
      20
      19
      24
      17
      18
      18
      19
      15
      25
      20
      21
      22
      18
      24
      18
      23
      23
      13
      11
      12
      23
      12
      15
      16
      28
      12
      16
      17
      22
      20
      19
      21
      18
      27
      25
      16
      19
      19
      10
      20
      21
      13
      17
      23
      13
      16
      13
      17
      22
      25
      30
      16
      15
      27
      23
      29
      20
      15
      26
      18
      23
      14
      23
      21
      25
      23
      17
      19
      22
      17
      23
      21
      22
      18
      26
      19
      14
      26
      19
      16
      25
      18
      23
      24
      23
      20
      20
      17
      21
      17
      22
      18
      16
      19
      15
      24
      16
      20
      23
      27
      20
      15
      18
      26
      19
      18
      21
      18
      23
      25
      29
      16
      20
      21
      19
      32
      21
      17
      18
      24
      22
      15
      20
      18
      16
      16
      19
      21
      17
      15
      22
      21
      21
      24
      23
      18
      16
      12
      16
      19
      23
      13
      21
      17
      22
      19
      16
      11
      17
      19
      27
      18
      22
      21
      19
      22
      15
      18
      18
      22
      25
      15
      21
      15
      20
      28
      21
      17
      20
      25
      16
      17
      19
      24
      12
      12
      22
      20
      18
      20
      16
      23
      19
      25
      23
      28
      19
      20
      22
      22
      24
      24
      25
      20
      22
      19
      26
      33
      18
      19
      18
      22
      15
      27
      21
      18
      24
      26
      19
      19
      24
      23
      16
      22
      14
      15
      28
      20
      27
      30
      16
      18
      20
      14
      19
      33
      21
      22
      23
      14
      17
      15
      28
      20
      21
      19
      32
      18
      16
      17
      27
      21
      25
      18
      22
      14
      16
      20
      29
      28
      29
      12
      27
      24
      21
      24
      21
      18
      17
      17
      18
      24
      14
      20
      18
      21
      16
      32
      32
      29
      22
      18
      20
      21
      28
      21
      18
      16
      21
      26
      28
      25
      17
      25
      25
      22
      18
      19
      21
      27
      24
      25
      22
      25
      21
      20
      25
      19
      22
      23
      24
      20
      24
      30
      13
      23
      33
      23
      21
      24
      23
      19
      29
      28
      26
      22
      22
      23
      32
      14
      32
      27
      20
      21
      17
      16
      30
      22
      17
      25
      16
      21
      31
      17
      25
      26
      31
      24
      24
      18
      29
      24
      17
      29
      17
      22
      21
      23
      33
      30
      25
      30
      25
      23
      19
      17
      25
      25
      24
      24
      26
      19
      18
      18
      19
      29
      27
      33
      18
      23
      21
      17
      20
      25
      35
      12
      21
      30
      16
      23
      27
      30
      22
      22
      22
      17
      19
      17
      23
      25
      17
      25
      22
      30
      24
      18
      22
      36
      21
      21
      27
      26
      14
      20
      19
      18
      22
      20
      20
      25
      22
      25
      20
      25
      24
      27
      27
      27
      24
      20
      24
      26
      19
      31
      28
      14
      21
      30
      29
      22
      31
      32
      23
      21
      21
      24
      20
      27
      19
      18
      21
      22
      28
      28
      24
      33
      34
      14
      24
      28
      26
      31
      29
      13
      26
      31
      25
      24
      34
      26
      23
      29
      24
      18
      20
      30
      27
      16
      36
      25
      22
      26
      24
      30
      25
      26
      23
      24
      26
      28
      34
      20
      29
      15
      20
      22
      33
      22
      17
      39
      29
      29
      30
      39
      26
      30
      24
      36
      20
      26
      29
      15
      25
      35
      22
      24
      21
      34
      28
      25
      22
      19
      30
      25
      31
      19
      27
      29
      36
      14
      24
      25
      26
      21
      23
      23
      18
      20
      35
      30
      20
      26
      30
      30
      28
      21
      22
      29
      29
      29
      29
      26
      26
      24
      20
      18
      28
      24
      19
      22
      28
      25
      22
      18
      20
      29
      22
      27
      18
      28
      36
      26
      25
      25
      31
      32
      21
      26
      29
      25
      19
      28
      22
      23
      21
      22
      25
      25
      24
      31
      49
      32
      29
      40
      25
      30
      29
      28
      29
      38
      33
      26
      25
      31
      29
      27
      18
      32
      33
      35
      34
      22
      28
      31
      27
      26
      26
      20
      18
      25
      27
      33
      25
      23
      25
      25
      24
      27
      39
      31
      24
      25
      26
      29
      23
      35
      16
      27
      39
      25
      34
      43
      31
      26
      26
      24
      33
      27
      25
      27
      26
      31
      28
      20
      21
      30
      31
      30
      29
      35
      32
      30
      22
      30
      25
      31
      31
      32
      29
      28
      35
      19
      30
      22
      12
      29
      23
      34
      27
      25
      28
      27
      22
      28
      26
      24
      28
      34
      17
      41
      35
      29
      28
      28
      26
      29
      24
      25
      24
      26
      24
      25
      22
      35
      30
      22
      26
      27
      30
      27
      27
      22
      37
      28
      33
      30
      33
      24
      30
      27
      23
      26
      32
      32
      34
      37
      25
      35
      31
      29
      31
      25
      22
      33
      25
      28
      24
      21
      30
      37
      36
      36
      22
      25
      20
      33
      33
      37
      26
      28
      25
      22
      36
      33
      33
      22
      29
      34
      28
      46
      25
      16
      28
      20
      21
      34
      33
      37
      22
      26
      34
      31
      26
      31
      38
      28
      24
      42
      29
      25
      25
      33
      36
      25
      28
      47
      34
      32
      21
      34
      32
      24
      37
      34
      33
      24
      37
      28
      31
      34
      40
      37
      44
      31
      25
      29
      26
      21
      24
      28
      36
      27
      39
      27
      37
      28
      24
      34
      36
      32
      34
      24
      30
      26
      28
      26
      38
      26
      39
      27
      37
      30
      27
      26
      31
      35
      28
      30
      20
      39
      32
      37
      28
      34
      32
      28
      37
      37
      45
      28
      32
      23
      32
      36
      24
      29
      23
      28
      37
      44
      36
      38
      30
      40
      29
      26
      20
      25
      35
      29
      33
      24
      34
      32
      40
      31
      26
      36
      33
      36
      29
      30
      20
      41
      36
      32
      28
      33
      31
      24
      45
      30
      35
      37
      34
      24
      36
      31
      37
      32
      39
      30
      38
      24
      22
      32
      48
      36
      33
      38
      28
      33
      38
      30
      26
      26
      38
      30
      41
      28
      39
      41
      31
      31
      33
      25
      33
      43
      30
      30
      38
      39
      20
      30
      34
      41
      31
      33
      39
      25
      36
      33
      29
      29
      33
      34
      35
      31
      31
      37
      37
      24
      27
      34
      34
      34
      32
      28
      32
      31
      35
      18
      46
      30
      32
      27
      39
      37
      30
      37
      33
      29
      33
      35
      34
      35
      32
      37
      37
      33
      37
      26
      47
      35
      31
      29
      32
      39
      42
      23
      36
      30
      33
      26
      45
      36
      19
      39
      29
      32
      27
      36
      39
      30
      36
      31
      23
      33
      32
      48
      34
      42
      36
      31
      43
      41
      34
      36
      24
      25
      38
      28
      35
      36
      26
      27
      32
      32
      33
      26
      42
      46
      26
      31
      32
      31
      30
      29
      26
      32
      28
      31
      36
      32
      37
      39
      36
      36
      34
      42
      27
      30
      41
      39
      34
      33
      35
      36
      39
      32
      40
      31
      36
      44
      37
      37
      37
      24
      35
      44
      25
      40
      36
      35
      26
      34
      30
      40
      32
      40
      28
      37
      35
      35
      28
      48
      42
      30
      25
      38
      34
      39
      36
      38
      36
      24
      41
      30
      32
      45
      35
      34
      30
      34
      30
      39
      33
      26
      37
      29
      31
      45
      41
      35
      51
      38
      41
      41
      31
      35
      35
      23
      38
      40
      32
      37
      38
      38
      32
      45
      40
      31
      32
      30
      44
      28
      40
      43
      37
      25
      29
      38
      41
      39
      39
      32
      37
      40
      34
      39
      43
      34
      34
      37
      37
      33
      43
      35
      47
      44
      39
      43
      40
      35
      37
      36
      33
      45
      33
      33
      43
      30
      34
      33
      30
      25
      42
      35
      30
      42
      47
      34
      40
      31
      35
      40
      32
      47
      29
      32
      33
      24
      34
      42
      37
      44
      35
      34
      48
      37
      43
      45
      41
      37
      36
      48
      39
      41
      48
      40
      39
      35
      43
      42
      52
      46
      34
      42
      32
      44
      38
      31
      31
      41
      40
      46
      42
      41
      40
      48
      40
      37
      45
      49
      37
      40
      38
      36
      41
      43
      22
      33
      43
      38
      52
      37
      46
      32
      47
      44
      40
      29
      36
      36
      47
      36
      38
      35
      47
      34
      33
      34
      42
      31
      31
      45
      44
      27
      45
      27
      39
      33
      39
      33
      36
      44
      40
      36
      38
      37
      52
      32
      41
      39
      34
      44
      34
      37
      40
      41
      36
      42
      51
      40
      47
      26
      34
      42
      37
      36
      43
      39
      52
      37
      30
      33
      38
      44
      38
      53
      36
      46
      34
      37
      30
      41
      37
      34
      34
      33
      42
      44
      42
      44
      43
      34
      52
      38
      36
      47
      44
      44
      42
      38
      26
      47
      43
      45
      41
      31
      41
      54
      42
      40
      37
      30
      42
      40
      54
      35
      29
      39
      33
      39
      47
      54
      35
      39
      41
      33
      53
      39
      43
      58
      36
      50
      38
      33
      41
      35
      31
      36
      43
      43
      34
      32
      48
      47
      49
      39
      48
      43
      39
      42
      46
      53
      41
      35
      40
      38
      40
      44
      51
      35
      42
      43
      43
      32
      38
      46
      37
      41
      36
      40
      40
      40
      43
      44
      45
      46
      41
      36
      41
      28
      40
      46
      45
      41
      39
      40
      37
      45
      36
      48
      50
      37
      47
      47
      38
      39
      38
      30
      43
      32
      52
      40
      50
      48
      42
      39
      30
      33
      39
      43
      35
      34
      45
      38
      36
      45
      43
      37
      43
      46
      34
      51
      44
      39
      45
      36
      40
      49
      40
      37
      44
      36
      45
      46
      33
      42
      45
      41
      42
      35
      52
      55
      50
      47
      41
      30
      43
      43
      48
      55
      30
      35
      35
      56
      54
      41
      39
      40
      59
      38
      28
      42
      53
      53
      49
      43
      38
      31
      42
      37
      50
      45
      62
      36
      44
      53
      61
      60
      47
      37
      44
      39
      29
      52
      51
      45
      49
      45
      40
      36
      42
      44
      43
      43
      65
      55
      44
      44
      51
      62
      45
      46
      42
      35
      42
      51
      48
      39
      49
      48
      39
      51
      58
      53
      42
      42
      53
      47
      35
      43
      52
      47
      46
      56
      54
      50
      49
      40
      55
      40
      45
      33
      59
      39
      45
      37
      41
      51
      52
      45
      44
      41
      52
      41
      64
      45
      55
      55
      47
      35
      41
      50
      45
      43
      46
      37
      49
      58
      41
      40
      48
      51
      51
      55
      48
      41
      42
      41
      40
      45
      54
      37
      55
      46
      44
      44
      45
      56
      53
      45
      37
      61
      48
      51
      43
      50
      42
      45
      39
      52
      62
      39
      57
      72
      39
      54
      44
      41
      44
      45
      45
      54
      49
      49
      53
      40
      57
      41
      56
      42
      44
      45
      45
      46
      41
      47
      42
      53
      39
      50
      47
      49
      58
      41
      48
      47
      54
      40
      44
      55
      28
      47
      45
      44
      43
      46
      42
      47
      42
      72
      51
      63
      48
      55
      42
      50
      55
      39
      41
      42
      40
      62
      56
      49
      44
      45
      55
      50
      42
      45
      40
      42
      47
      44
      42
      49
      44
      44
      48
      44
      44
      54
      58
      52
      38
      47
      56
      45
      54
      61
      45
      51
      44
      52
      46
      50
      42
      42
      35
      52
      49
      37
      56
      42
      48
      53
      57
      57
      44
      42
      54
      42
      47
      48
      39
      40
      52
      47
      45
      33
      40
      35
      54
      41
      55
      28
      48
      58
      55
      44
      56
      47
      50
      53
      39
      53
      50
      54
      35
      48
      43
      51
      54
      40
      44
      50
      45
      41
      54
      50
      57
      52
      51
      52
      49
      37
      58
      68
      46
      36
      58
      53
      50
      43
      42
      56
      46
      52
      59
      42
      43
      57
      48
      42
      49
      58
      35
      59
      47
      50
      48
      43
      56
      40
      55
      40
      43
      41
      51
      40
      50
      50
      49
      50
      50
      45
      46
      39
      40
      39
      39
      39
      50
      46
      44
      52
      56
      46
      49
      47
      43
      38
      64
      39
      45
      44
      46
      58
      43
      34
      55
      54
      45
      45
      51
      55
      49
      65
      58
      47
      52
      40
      54
      42
      40
      45
      57
      37
      30
      48
      47
      41
      51
      49
      44
      51
      50
      55
      47
      44
      42
      47
      43
      45
      41
      57
      50
      45
      46
      43
      61
      45
      41
      43
      43
      47
      51
      56
      42
      55
      50
      51
      56
      48
      44
      54
      59
      53
      47
      60
      51
      61
      39
      47
      40
      47
      49
      59
      61
      46
      48
      63
      56
      38
      52
      43
      50
      45
      50
      54
      39
      50
      50
      45
      40
      58
      52
      42
      52
      47
      46
      58
      45
      53
      53
      56
      46
      55
      49
      56
      45
      59
      48
      44
      46
      47
      59
      41
      56
      62
      57
      48
      53
      56
      62
      50
      44
      53
      60
      54
      39
      49
      45
      47
      60
      46
      45
      55
      44
      45
      41
      56
      36
      49
      53
      57
      48
      41
      48
      49
      52
      46
      51
      52
      47
      54
      40
      43
      52
      41
      55
      42
      56
      42
      48
      41
      37
      48
      48
      52
      36
      48
      60
      45
      55
      47
      47
      51
      62
      43
      61
      51
      51
      38
      35
      47
      59
      54
      55
      60
      53
      44
      57
      47
      61
      54
      43
      50
      49
      48
      49
      36
      49
      54
      35
      40
      44
      58
      48
      52
      52
      52
      58
      45
      43
      55
      54
      49
      42
      59
      45
      42
      57
      38
      55
      49
      45
      42
      43
      56
      43
      52
      56
      41
      46
      52
      58
      46
      51
      39
      53
      31
      49
      53
      53
      35
      47
      50
      33
      42
      41
      49
      44
      48
      43
      54
      46
      42
      35
      44
      46
      48
      43
      41
      56
      43
      53
      48
      47
      33
      56
      54
      36
      66
      47
      44
      42
      48
      37
      44
      56
      43
      47
      51
      41
      36
      46
      41
      54
      49
      36
      39
      47
      39
      47
      36
      39
      37
      45
      40
      49
      39
      45
      39
      43
      55
      43
      41
      43
      35
      37
      39
      34
      36
      38
      44
      38
      43
      36
      35
      33
      48
      50
      30
      36
      37
      31
      37
      35
      31
      37
      34
      44
      35
      33
      53
      27
      23
      27
      22
      30
      34
      32
      37
      24
      33
      31
      27
      37
      32
      29
      27
      32
      35
      23
      40
      30
      22
      26
      32
      25
      31
      34
      27
      28
      33
      22
      28
      21
      29
      25
      34
      21
      23
      28
      29
      25
      26
      25
      17
      18
      30
      20
      19
      25
      19
      33
      20
      30
      16
      25
      22
      31
      20
       4
      18
      29
      28
      21
      18
      15
      20
      21
      16
      20
      14
      19
      20
      22
      20
      24
      20
      18
      21
      14
      15
      12
      16
      15
      15
      26
      19
      15
      13
      20
      15
      10
      20
      14
      14
      14
      10
      11
      14
      14
      12
      11
      10
      15
      11
       8
       9
      18
      10
      11
       8
      16
      13
      13
      16
      11
       8
      12
      10
      15
      13
      12
       9
       9
      17
       4
       9
      14
      16
      13
       6
       8
       6
       4
       7
      12
       6
       8
       6
       5
       6
      10
      11
       4
       2
       4
       9
       3
       5
       7
       6
       4
       3
       3
       9
       8
       4
       4
       3
       6
       6
       7
       7
       5
       4
       2
       3
       7
      11
       1
       2
       3
       6
       5
       2
       6
       4
       7
       5
       2
       6
       7
       4
       1
       5
       4
       3
       7
       5
       3
       6
       4
       3
       4
       6
       1
       1
       7
       6
       3
       2
       4
       2
       4
       1
       3
       4
       3
       2
       3
       2
       0
       6
       2
       3
       3
       3
       3
       2
       3
       5
       3
       3
       5
       0
       3
       1
       1
       2
       1
       0
       2
       1
       2
       2
       2
       2
       3
       3
       5
       0
       0
       1
       0
       1
       2
       1
       2
       2
       1
       2
       0
       2
       2
       0
       0
       0
       2
       2
       4
       0
       3
       0
       0
       0
       3
       0
       1
       2
       2
       0
       0
       1
       2
       2
       0
       1
       0
       0
       0
       4
       0
       0
       0
       0
       0
       0
       1
       2
       2
       2
       0
       0
       1
       0
       0
       0
       2
       1
       0
       0
       0
       1
       1
       0
       0
       0
       0
       0
       1
       0
       0
       0
       0
       0
       0
       0
       1
       2
       0
       0
       0
       1
       0
       0
       1
       0
       1
       0
       0
       0
       1
       0
       0
       0
       0
       1
       0
       0
       0
       0
       0
       0
       0
       1
       0
       0
       1
       0
       0
       0
       1
       0
       0
       1
       1
       2
       0
       0
       2
       0
       0
       0
       0
       0
       0
       2
       0
       1
       0
       0
       0
       0
       0
       0
       0
       0
       0
       0
       0
       0
       0
       0
       0
       0
       0
       0
       0
       1
       0
       0
       0
       0
       0
       0
       0
       0
       0
       0
       0
       0
       0
       0
       0
       0
       0
       0
       0
       1
       0
       0
       0
       1
       0
       1
       0
       0
       0
       0
       0
       0
       0
       0
       0
       0
       0
       0
       0
       0
       1
       0
       0
       0
       0
       0
       0
       0
       0
       0
       0
       0
       0
       1
       1
       0
       0
       1
       0
       0
       0
       0
       0
       0
       1
       0
       1
       0
       0
       0
       0
       0
       1
       0
       0
       0
       0
       0
       1
       0
       0
       0
       0
       0
       0
       0
       1
       0
       0
       0
       0
       0
       0
       0
       0
       1
       0
       1
       0
       0
       0
       0
       0
       0
       0
       0
       0
       0
       0
       0
       0
       0
       1
       0
       0
       0
       0
       0
       0
       1
       0
       0
       0
       0
       0
       0
       0
       1
       0
       0
       0
       0
       0
       0
       1
       1
       0
       0
       0
       0
       0
       0
       0
       0
       1
       0
       0
       0
       0
       0
       0
       0
       0
       0
       0
       0
       0
       0
       1
       0
       0
       0
       0
       0
       0
       0
       0
       0
       0
       0
       0
       0
       0
       0
       0
       0
       0
       0
       0
       0
       0
       0
       0
       0
       0
       0
       0
       0
       0
       0
       0
       1
       0
       0
       0
       0
       0
       0
       0
       1
       0
       0
       0
       0
       0
       0
       0
       0
       0
       0
       0
       0
       0
       0
       0
       0
       0
       0
       0
       0
       0
       0
       0
       0
       0
       0
       0
       0
       0
       0
       0
       0
       0
       0
       0
       0
       0
       0
       0
       0
       0
       0
       0
       0
       0
       0
       0
       0
       0
       0
       0
       0
       0
       0
       0
       0
       0
       1
       0
       0
       0
       0
       0
       0
       0
       0
       0
       0
       0
       0
       0
       0
       0
       0
       0
       0
       0
       0
       0
       0
       0
       0
       0
       0
       0
       0
       0
       1
       0
       0
       0
       0
       0
       0
       0
       0
       0
       0
       0
       0
       0
       0
       0
       0
       0
       0
       0
       0
       0
       0
       0
       0
       0
       0
       0
       0
       1
       0
       0
       0
       0
       0
       0
       0
       0
       0
       0
       0
       0
       0
       0
       0
       0
       0
       0
       0
       0
       0
       0
       0
       0
       0
       0
       0
       0
       0
       0
       0
       0
       0
       0
       1
       0
       1
       0
       0
       0
       0
       0
       0
       0
       0
       0
       0
       0
       0
       0
       0
       0
       0
       0
       0
       0
       0
       0
       0
       0
       0
       0
       0
       0
       0
       0
       0
       0
       0
       0
       0
       0
       0
       0
       0
       0
       1
       0
       0
       0
       0
       0
       0
       0
       0
       0
       0
       0
       0
       0
       0
       0
       0
       1
       0
       0
       0
       0
       0
       0
       0
       0
       0
       0
       0
       0
       0
       0
       0
       0
       0
       0
       0
       0
       0
       0
       0
       0
       0
       0
       0
       0
       0
       0
       0
       0
       0
       0
       0
       0
       0
       0
       0
       0
       0
       0
       0
       0
       0
       0
       0
       0
       0
       0
       0
       0
       0
       0
       0
       0
       0
       0
       0
       0
       0
       0
       0
       0
       0
       0
       0
       0
       0
       0
       0
       0
       0
       0
       0
       0
       0
       0
       0
       0
       0
       0
       0
       0
       0
       0
       0
       0
       0
       0
       0
       0
       0
       0
       0
       0
       0
       0
       0
       0
       0
       0
       1
       0
       0
       0
       0
       0
       0
       0
       0
       0
       0
       0
       0
       0
       0
       0
       0
       0
       0
       0
       0
       0
       0
       0
       0
       0
       0
       0
       0
       0
       0
       0
       0
       0
       0
       0
       0
       0
       0
       0
       1
       0
       0
       0
       0
       0
       0
       0
       0
       0
       0
       0
       0
       0
       0
       0
       0
       0
       0
       0
       0
       0
       0
       0
       1
       0
       0
       0
       0
       0
       0
       0
       0
       0
       0
       0
       0
       0
       0
       0
       0
       0
       0
       0
       0
       0
       0
       0
       0
       0
       0
       0
       0
       0
       0
       0
       0
       0
       0
       0
       0
       0
       0
       0
       0
       1
       0
       1
       0
       0
       0
       0
       0
       0
       0
       0
       0
       0
       0
       0
       0
       0
       0
       0
       0
       0
       0
       0
       0
       0
       0
       0
       0
       0
       0
       0
       0
       0
       0
       0
       0
       0
       0
       0
       0
       0
       0
       0
       0
       0
       0
       0
       0
       0
       0
       0
       0
       0
       0
       0
       0
       0
       0
       0
       0
       0
       0
       0
       0
       0
       0
       0
       0
       0
       0
       0
       0
       0
       0
       0
       0
       0
       0
       0
       0
       0
       0
       1
       0
       0
       0
       0
       0
       0
       0
       0
       0
       0
       0
       0
       0
       0
       0
       0
       0
       0
       0
       0
       0
       0
       0
       0
       0
       0
       0
       0
       0
       0
       0
       0
       0
       0
       0
       0
       0
       0
       0
       0
       0
       0
       0
       0
       0
       0
       0
       0
       0
       0
       0
       0
       0
       0
       0
       0
       0
       0
       0
       0
       0
       0
       0
       0
       0
       0
       0
       0
       0
       0
       0
       0
       0
       0
       0
       0
       0
       0
       0
       0
       0
       0
       0
       0
       0
       0
       0
       0
       0
       0
       0
       0
       0
       0
       0
       0
       0
       0
       0
       0
       0
       0
       0
       0
       0
       0
       0
       0
       0
       0
       0
       0
       0
       0
       0
       0
       0
       0
       0
       0
       0
       0
       0
       0
       0
       0
       0
       0
       0
       0
       0
       0
       0
       0
       0
       0
       0
       0
       0
       0
       0
       0
       0
       0
       0
       0
       0
       0
       0
       0
       0
       0
       0
       0
       0
       0
       0
       0
       0
       0
       1
       0
       0
       0
       0
       0
       0
       0
       0
       0
       0
       0
       0
       0
       0
       0
       0
       0
       0
       0
       0
       0
       0
       0
       0
       0
       0
       0
       0
       0
       0
       0
       0
       0
       0
       0
       0
       0
       0
       0
       0
       0
       0
       0
       0
       0
       0
       0
       0
       0
       0
       0
       0
       0
       0
       0
       0
       0
       0
       0
       0
       0
       0
       0
       0
       0
       0
       0
       0
       0
       0
       1
       0
       0
       0
       0
       0
       0
       0
       0
       0
       0
       0
       0
       0
       0
       0
       0
       0
       0
       0
       0
       0
       0
       0
       0
       0
       0
       0
       0
       0
       0
       0
       0
       0
       0
       0
       0
       0
       0
       0
       0
       0
       0
       0
       0
       0
       0
       0
       0
       0
       0
       0
       0
       0
       0
       0
       0
       0
       0
       0
       0
       0
       0
       0
       0
       0
       1
       0
       0
       0
       0
       0
       0
       0
       0
       0
       0
       0
       0
       0
       0
       0
       0
       0
       0
       0
       0
       0
       0
       0
       0
       0
       1
       0
       0
       0
       0
       0
       0
       0
       0
       0
       0
       0
       0
       0
       0
       0
       0
       0
       0
       0
       0
       0
       0
       0
       1
       0
       0
       0
       0
       0
       0
       0
       0
       0
       0
       0
       0
       0
       0
       0
       0
       0
       0
       0
       0
       0
       0
       0
       0
       0
       0
       0
       0
       0
       0
       0
       0
       0
       0
       0
       0
       0
       0
       0
       0
       0
       0
       0
       0
       0
       0
       0
       0
       0
       1
       0
       0
       0
       0
       0
       0
       0
       0
       0
       0
       0
       0
       0
       0
       0
       0
       0
       0
       0
       0
       0
       0
       0
       0
       0
       0
       0
       0
       0
       0
       0
       0
       0
       0
       0
       0
       0
       0
       0
       0
       0
       0
       0
       0
       0
       0
       0
       0
       0
       0
       0
       0
       0
       0
       0
       0
       0
       0
       0
       0
       0
       0
       0
       0
       1
       0
       0
       0
       0
       0
       0
       0
       0
       0
       0
       0
       0
       0
       0
       0
       0
       0
       0
       0
       0
       0
       0
       0
       0
       0
       0
       0
       0
       0
       0
       0
       0
       0
       0
       0
       0
       0
       0
       0
       0
       0
       0
       0
       0
       1
       0
       0
       0
       0
       0
       0
       0
       0
       0
       0
       0
       0
       0
       0
       0
       0
       0
       0
       0
       0
       0
       0
       0
       0
       0
       0
       0
       0
       0
       0
       0
       0
       0
       0
       0
       0
       0
       0
       0
       0
       0
       0
       0
       0
       0
       0
       0
       0
       0
       0
       0
       0
       0
       0
       0
       0
       0
       0
       0
       0
       0
       0
       0
       0
       0
       0
       0
       0
       0
       0
       0
       0
       0
       0
       0
       0
       0
       0
       0
       0
       0
       0
       0
       0
       0
       0
       0
       0
       0
       0
       0
       0
       0
       0
       0
       0
       0
       0
       0
       1
       0
       0
       0
       0
       0
       0
       0
       0
       0
       0
       0
       0
       0
       0
       0
       0
       0
       0
       0
       0
       0
       0
       0
       0
       0
       0
       0
       0
       0
       0
       0
       0
       0
       0
       0
       0
       0
       0
       0
       0
       0
       0
       0
       0
       0
       0
       0
       0
       0
       0
       0
       0
       0
       0
       0
       0
       0
       0
       0
       0
       0
       0
       0
       0
       0
       0
       0
       0
       0
       0
       0
       0
       0
       0
       0
       0
       0
       0
       0
       0
       0
       0
       0
       0
       0
       0
       1
       0
       0
       0
       0
       0
       0
       0
       0
       0
       0
       0
       0
       0
       0
       0
       0
       0
       0
       0
       0
       0
       0
       0
       0
       0
       0
       0
       0
       0
       0
       0
       0
       0
       0
       0
       0
       0
       0
       0
       0
       0
       0
       0
       0
       0
       0
       0
       0
       0
       0
       0
       0
       0
       0
       0
       0
       0
       0
       0
       0
       0
       0
       0
       0
       0
       0
       0
       0
       0
       0
       0
       0
       0
       0
       0
       0
       0
       0
       0
       0
       0
       0
       0
       0
       0
       0
       0
       0
       0
       0
       0
       0
       0
       0
       0
       0
       0
       0
       0
       0
       0
       0
       0
       0
       0
       0
       0
       0
       0
       0
       0
       0
       0
       0
       0
       0
       0
       0
       0
       0
       0
       0
       0
       0
       0
       0
       0
       0
       0
       0
       0
       0
       0
       0
       0
       0
       0
       0
       0
       0
       0
       0
       0
       0
       0
       0
       0
       0
       0
       0
       0
       0
       0
       0
       0
       0
       0
       0
       0
       1
       0
       0
       0
       0
       0
       0
       0
       0
       0
       0
       0
       0
       0
       0
       0
       0
       0
       0
       0
       0
       0
       0
       0
       0
       0
       0
       0
       0
       0
       0
       0
       0
       0
       0
       0
       0
       0
       0
       0
       0
       0
       0
       0
       0
       0
       0
       0
       0
       0
       0
       0
       0
       0
       0
       0
       0
       0
       0
       0
       0
       0
       0
       0
       0
       0
       0
       0
       0
       0
       0
       0
       0
       0
       0
       0
       0
       0
       0
       0
       0
       0
       0
       0
       0
       0
       0
       0
       0
       0
       0
       0
       0
       0
       0
       0
       0
       0
       0
       0
       0
       0
       0
       0
       0
       0
       0
       0
       0
       0
       0
       0
       0
       0
       0
       0
       0
       0
       0
       0
       0
       0
       0
       0
       0
       0
       0
       0
       0
       0
       0
       0
       0
       0
       0
       0
       0
       0
       0
       0
       0
       0
       0
       0
       0
       0
       0
       0
       0
       0
       0
       0
       0
       0
       0
       0
       0
       0
       0
       0
       0
       0
       0
       0
       0
       0
       0
       0
       0
       0
       0
       0
       0
       0
       0
       0
       0
       0
       0
       0
       0
       0
       0
       0
       0
       0
       0
       0
       0
       0
       0
       0
       0
       0
       0
       0
       0
       0
       0
       0
       0
       0
       0
       0
       0
       0
       0
       0
       0
       0
       0
       0
       0
       0
       0
       0
       0
       0
       0
       0
       0
       0
       0
       0
       0
       0
       0
       0
       0
       0
       0
       0
       0
       0
       0
       0
       0
       0
       0
       0
       0
       0
       0
       0
       0
       0
       0
       0
       0
       0
       0
       0
       0
       0
       0
       0
       0
       0
       0
       0
       0
       0
       0
       0
       0
       0
       0
       0
       0
       0
       0
       0
       0
       0
       0
       0
       0
       0
       0
       0
       0
       0
       0
       0
       0
       0
       0
       0
       0
       0
       0
       0
       0
       0
       0
       0
       0
       0
       0
       0
       0
       0
       0
       0
       0
       0
       0
       0
       0
       0
       0
       0
       0
       0
       0
       0
       0
       0
       0
       0
       0
       0
       0
       0
       0
       0
       0
       0
       0
       0
       0
       0
       0
       0
       0
       0
       0
       0
       0
$ROI:
0
$PRESETS:
None
0
0
$ENER_FIT:
0.000000 0.000000
$MCA_CAL:
3
0.000000E+000 0.000000E+000 0.000000E+000 
$SHAPE_CAL:
3
0.000000E+000 0.000000E+000 0.000000E+000
