$SPEC_ID:
No sample description was entered.
$SPEC_REM:
DET# 1
DETDESC# ELIMED2-PC Easy-MCA-8k SN 19133189
AP# Maestro Version 7.01
$DATE_MEA:
12/16/2019 14:32:01
$MEAS_TIM:
1135 1138
$DATA:
0 8191
       0
       0
       0
       0
       0
       0
       0
       0
       0
       0
       0
       0
       0
       0
       0
       0
       0
       0
       0
       0
       0
       0
       0
       1
       0
       7
      20
      53
     110
     216
     323
     795
    1333
     919
     689
     666
     553
     542
     522
     525
     496
     472
     461
     445
     444
     404
     396
     383
     376
     361
     324
     361
     349
     330
     333
     318
     309
     303
     317
     291
     319
     249
     265
     265
     258
     238
     230
     232
     232
     236
     218
     216
     244
     201
     195
     192
     184
     195
     175
     187
     174
     212
     155
     189
     166
     167
     145
     173
     154
     146
     140
     145
     162
     146
     154
     118
     147
     127
     119
     136
     128
     113
     115
     133
     139
     126
     124
     122
     131
     104
     119
     120
     103
     117
     105
     100
      96
     124
      93
      95
      96
     119
     108
     105
     125
      93
      98
      96
      84
      99
      96
      96
      92
      77
      98
      90
      87
      80
      94
      95
      90
      82
     100
      99
      86
      77
      84
      95
      90
      68
      80
      83
      76
      89
      67
      79
      71
      99
      80
      69
      87
     100
      93
      85
      69
      77
      71
      62
      78
      72
      54
      87
      69
      79
      97
      82
      81
      73
      72
      53
      57
      71
      78
      60
      61
      73
      86
      80
      69
      67
      79
      63
      72
      63
      73
      79
      74
      75
      75
      81
      76
      78
      74
      69
      56
      70
      64
      56
      55
      54
      84
      63
      60
      63
      72
      59
      56
      67
      65
      55
      74
      57
      63
      57
      61
      56
      44
      76
      54
      60
      66
      67
      47
      68
      82
      68
      50
      67
      55
      61
      57
      57
      44
      58
      66
      59
      63
      54
      50
      58
      74
      52
      54
      57
      66
      51
      58
      45
      48
      54
      54
      58
      73
      65
      70
      50
      48
      71
      53
      54
      53
      61
      61
      56
      61
      63
      57
      57
      47
      60
      59
      49
      53
      53
      64
      56
      66
      61
      59
      62
      38
      52
      50
      57
      68
      52
      47
      57
      50
      62
      56
      63
      53
      52
      78
      52
      39
      49
      43
      45
      59
      59
      60
      60
      47
      53
      53
      53
      50
      53
      62
      61
      59
      53
      47
      56
      56
      61
      57
      50
      40
      58
      64
      51
      55
      61
      64
      56
      39
      60
      61
      45
      64
      56
      60
      53
      48
      56
      61
      59
      54
      51
      52
      62
      50
      46
      48
      57
      45
      53
      46
      49
      72
      62
      55
      51
      52
      58
      61
      58
      58
      48
      55
      47
      51
      68
      46
      54
      57
      53
      56
      48
      54
      46
      49
      56
      59
      54
      49
      51
      65
      64
      48
      52
      46
      55
      44
      60
      49
      56
      38
      43
      59
      58
      61
      54
      53
      46
      48
      55
      54
      49
      47
      54
      39
      41
      65
      60
      55
      66
      61
      72
      47
      60
      55
      52
      50
      52
      59
      57
      83
      54
      69
      50
      52
      41
      51
      44
      58
      47
      44
      55
      52
      53
      55
      53
      60
      54
      73
      50
      53
      55
      73
      48
      61
      39
      51
      61
      41
      51
      51
      57
      47
      49
      51
      42
      58
      53
      45
      46
      62
      56
      56
      50
      47
      48
      61
      48
      61
      49
      54
      41
      57
      55
      51
      46
      60
      40
      61
      43
      53
      49
      42
      51
      54
      46
      59
      55
      62
      48
      63
      63
      50
      61
      50
      52
      44
      51
      53
      64
      54
      44
      48
      50
      44
      67
      41
      49
      43
      60
      61
      46
      62
      49
      56
      53
      49
      47
      58
      59
      55
      53
      62
      48
      49
      53
      47
      61
      57
      51
      49
      38
      64
      67
      49
      57
      53
      50
      45
      54
      36
      47
      49
      61
      65
      52
      45
      52
      56
      55
      49
      54
      45
      51
      51
      56
      51
      57
      55
      57
      49
      56
      48
      61
      61
      53
      48
      52
      55
      49
      46
      50
      48
      47
      56
      48
      42
      48
      43
      62
      49
      30
      47
      44
      47
      57
      53
      53
      60
      46
      55
      49
      59
      50
      53
      50
      52
      55
      51
      61
      55
      54
      59
      49
      59
      63
      60
      58
      51
      57
      52
      58
      54
      38
      52
      42
      57
      66
      54
      55
      52
      62
      53
      47
      64
      51
      55
      48
      52
      45
      48
      44
      53
      40
      54
      49
      45
      52
      50
      58
      55
      56
      37
      49
      57
      39
      44
      49
      45
      52
      48
      52
      52
      42
      47
      49
      43
      42
      53
      45
      50
      60
      56
      45
      55
      48
      51
      43
      59
      44
      42
      60
      52
      51
      67
      51
      57
      54
      52
      43
      53
      69
      51
      52
      52
      42
      51
      40
      50
      56
      66
      35
      39
      41
      43
      66
      51
      56
      45
      44
      59
      51
      48
      68
      51
      54
      49
      45
      53
      52
      60
      56
      41
      48
      54
      48
      53
      44
      51
      53
      57
      52
      57
      65
      55
      45
      47
      47
      52
      55
      57
      50
      40
      45
      58
      57
      68
      47
      49
      54
      57
      56
      57
      56
      57
      50
      54
      45
      57
      51
      42
      52
      56
      59
      35
      38
      61
      50
      35
      65
      63
      45
      60
      55
      53
      61
      64
      41
      67
      53
      49
      57
      43
      51
      39
      63
      80
      55
      40
      54
      45
      44
      58
      49
      50
      51
      58
      45
      58
      45
      47
      47
      54
      60
      60
      53
      44
      54
      47
      65
      61
      48
      59
      49
      57
      40
      55
      52
      54
      53
      42
      56
      55
      47
      53
      40
      52
      45
      51
      57
      35
      57
      44
      47
      51
      57
      46
      46
      50
      50
      35
      49
      61
      51
      66
      57
      53
      51
      42
      55
      49
      61
      52
      55
      45
      56
      37
      60
      61
      72
      56
      46
      54
      57
      45
      42
      55
      60
      54
      57
      54
      49
      50
      58
      54
      63
      60
      52
      51
      56
      62
      64
      55
      71
      48
      62
      52
      59
      51
      56
      58
      69
      53
      65
      55
      57
      71
      73
      73
      59
      47
      65
      58
      56
      46
      56
      49
      52
      65
      62
      69
      57
      53
      62
      55
      64
      62
      59
      68
      71
      49
      70
      60
      55
      64
      52
      62
      54
      52
      73
      59
      64
      53
      69
      54
      65
      56
      63
      65
      75
      76
      64
      71
      53
      62
      76
      68
      57
      78
      58
      58
      63
      79
      64
      52
      60
      71
      66
      56
      66
      59
      62
      72
      56
      71
      68
      78
      53
      71
      67
      61
      70
      80
      56
      61
      66
      61
      60
      58
      61
      85
      77
      81
      61
      64
      65
      68
      81
      66
      60
      57
      60
      80
      72
      79
      60
      81
      79
      71
      70
      81
      84
      72
      52
      70
      61
      67
      67
      58
      75
      69
      64
      52
      74
      62
      71
      77
      65
      71
      79
      71
      74
      69
      65
      80
      53
      57
      69
      63
      87
      68
      68
      58
      72
      56
      63
      61
      81
      68
      71
      58
      61
      72
      50
      67
      72
      77
      66
      59
      44
      66
      70
      69
      70
      78
      81
      79
      78
      64
      77
      76
      62
      65
      60
      66
      61
      70
      74
      68
      75
      64
      69
      63
      64
      85
      77
      71
      72
      75
      84
      77
      63
      76
      53
      67
      64
      64
      71
      71
      64
      73
      69
      79
      64
      86
      83
      59
      65
      61
      61
      61
      82
      81
      61
      73
      77
      66
      63
      63
      82
      56
      69
      75
      80
      70
      65
      70
      65
      65
      72
      76
      60
      68
      69
      72
      69
      63
      68
      74
      70
      78
      69
      74
      72
      64
      51
      63
      85
      59
      89
      66
      70
      77
      72
      67
      79
      68
      87
      57
      74
      72
      55
      87
      60
      69
      82
      72
      67
      62
      63
      80
      64
      67
      78
      75
      68
      59
      61
      75
      69
      65
      69
      86
      80
      70
      62
      58
      84
      86
      79
      69
      66
      59
      68
      82
      76
      87
      70
      75
      88
      82
      78
      73
      55
      72
      75
      77
      75
      74
      81
      80
      80
      68
      59
      93
      62
      82
      79
      71
      75
      92
      70
      70
      75
      66
      68
      63
      65
      62
      82
      69
      64
      75
      73
      64
      75
      73
      92
      72
      77
      59
      63
      73
      81
      79
      62
      87
      73
      66
      73
      81
      91
      60
      58
      82
      67
      82
      67
      71
      50
      87
      75
      69
      80
      90
      84
      75
      85
      89
      64
      76
      72
      84
      73
      73
      67
      77
      85
      70
      70
      80
      86
      80
      86
      79
      64
      82
      84
      74
      69
      84
      86
      85
      72
      82
      83
      81
      77
      81
      68
      74
      76
      68
      73
      65
      82
      64
      68
      80
      80
      90
      78
      82
      84
      84
      81
      85
      77
      55
      80
      69
      95
     105
      99
      70
      87
      62
      79
      87
      78
      97
      82
      80
      84
      76
      77
      87
      86
      83
      88
      77
     104
      87
     100
      77
      84
      78
      75
      87
      98
      92
      95
      95
      92
      87
     105
      82
     110
      82
      93
     100
      84
      95
      95
      94
     106
     109
     105
     103
      88
      85
     102
      90
      84
      88
      94
     118
      86
      98
      84
      78
     113
      89
      80
     102
      90
      87
      94
     101
      87
     103
     102
      93
      91
     103
     111
     112
     130
      98
     101
     105
     108
      97
     102
     107
     112
      95
     103
     117
     121
     113
     122
     110
     110
     110
     118
     124
     125
     119
     111
     118
     110
     131
     123
     132
     118
     133
     134
     127
     149
     144
     139
     140
     128
     142
     142
     138
     143
     136
     130
     163
     148
     135
     146
     154
     170
     145
     165
     130
     172
     153
     124
     146
     163
     183
     175
     144
     184
     174
     189
     156
     195
     179
     166
     183
     164
     167
     188
     197
     189
     193
     192
     208
     200
     211
     225
     206
     210
     247
     244
     225
     222
     245
     207
     217
     222
     256
     245
     265
     271
     240
     279
     257
     270
     287
     299
     307
     273
     283
     268
     279
     298
     290
     316
     314
     333
     324
     320
     325
     335
     348
     350
     316
     358
     324
     366
     379
     361
     386
     371
     363
     373
     402
     399
     388
     415
     434
     411
     459
     435
     444
     418
     441
     436
     476
     488
     415
     493
     448
     503
     439
     530
     515
     514
     475
     522
     518
     579
     549
     536
     570
     543
     532
     566
     567
     611
     577
     604
     596
     573
     596
     634
     619
     657
     622
     645
     622
     668
     655
     659
     666
     684
     714
     669
     719
     700
     711
     671
     752
     709
     723
     788
     753
     750
     760
     853
     774
     782
     800
     835
     802
     861
     873
     836
     855
     849
     873
     874
     820
     921
     942
     861
     934
     881
     937
     969
     920
     933
     957
     988
    1010
     952
     976
     974
     994
     985
     993
     995
    1045
    1064
    1077
    1069
    1075
    1049
    1082
    1087
    1066
    1063
    1116
    1149
    1129
    1176
    1114
    1146
    1178
    1154
    1091
    1154
    1143
    1191
    1196
    1179
    1276
    1144
    1220
    1167
    1262
    1196
    1222
    1195
    1208
    1204
    1260
    1285
    1305
    1228
    1194
    1191
    1221
    1261
    1235
    1236
    1286
    1294
    1308
    1276
    1292
    1322
    1298
    1296
    1234
    1297
    1203
    1290
    1301
    1342
    1351
    1345
    1299
    1327
    1326
    1304
    1321
    1292
    1271
    1260
    1319
    1272
    1342
    1281
    1267
    1286
    1281
    1326
    1286
    1317
    1332
    1333
    1292
    1342
    1300
    1289
    1332
    1231
    1239
    1254
    1309
    1305
    1276
    1211
    1283
    1266
    1225
    1241
    1299
    1226
    1240
    1307
    1317
    1198
    1213
    1173
    1219
    1236
    1210
    1177
    1207
    1155
    1226
    1155
    1117
    1211
    1175
    1166
    1124
    1073
    1142
    1099
    1156
    1120
    1036
    1114
    1079
    1080
    1071
    1082
    1036
    1061
     994
    1007
    1104
     983
    1022
     999
     992
     987
     998
     922
     923
     972
     957
     923
     947
     927
     918
     897
     862
     878
     872
     884
     809
     790
     851
     806
     829
     817
     738
     824
     806
     788
     769
     789
     727
     745
     721
     732
     734
     774
     687
     666
     708
     704
     681
     710
     650
     677
     617
     625
     600
     647
     623
     598
     544
     614
     565
     580
     502
     543
     551
     567
     549
     519
     542
     498
     521
     459
     482
     522
     480
     504
     485
     462
     440
     491
     447
     468
     413
     448
     420
     431
     403
     393
     378
     388
     385
     402
     379
     403
     336
     368
     342
     364
     315
     352
     319
     315
     335
     299
     331
     305
     302
     300
     294
     310
     246
     276
     278
     263
     233
     237
     255
     243
     256
     242
     225
     237
     218
     234
     200
     199
     197
     216
     201
     208
     212
     199
     182
     191
     192
     165
     185
     188
     168
     161
     178
     170
     152
     163
     169
     173
     147
     164
     125
     141
     161
     142
     122
     154
     147
     101
     121
     137
     125
     124
     119
     113
     121
     132
     107
     121
     111
     104
     101
     100
     105
     106
      91
     104
      92
      85
     101
      91
     101
      89
      75
      90
      79
      67
      63
      78
      77
      73
      81
      65
      82
      64
      71
      56
      68
      68
      69
      56
      59
      62
      64
      46
      65
      56
      42
      52
      58
      49
      32
      62
      53
      32
      47
      49
      52
      42
      52
      45
      32
      49
      33
      50
      33
      39
      34
      47
      36
      38
      41
      30
      19
      32
      23
      26
      27
      27
      27
      32
      29
      27
      28
      31
      29
      37
      24
      31
      27
      23
      29
      29
      29
      18
      23
      21
      20
      26
      20
      17
      16
      15
      28
      19
      18
      19
      17
      15
      11
      23
      14
      19
      14
      12
      20
      20
      25
      16
      13
      21
      21
      18
      11
      17
      17
      17
      15
      13
      20
      12
      12
      11
      11
      16
      11
      12
      17
       7
      17
      12
      19
      16
      13
      12
      12
       9
       8
       8
      17
      11
       6
      12
       9
       9
       9
       9
      19
       7
      18
       8
       8
      15
       8
       8
       8
       7
      10
      12
       7
       6
       7
       6
       4
       8
       7
       8
       6
       4
       6
       3
       5
       4
       8
      10
       7
       6
       5
       6
       9
       3
       4
       9
       3
       7
       9
       3
       6
       7
       4
       7
       3
       1
       4
       4
       5
       6
       7
       2
       3
       6
       8
       6
       8
       8
       5
       2
       5
       4
       0
       2
       1
       4
       4
       5
       5
       7
       2
       3
       1
       5
       2
       6
       1
       1
       5
       6
       1
       2
       3
       3
       1
       2
       2
       2
       3
       2
       1
       1
       4
       5
       2
       2
       3
       3
       4
       3
       3
       5
       0
       3
       4
       7
       3
       3
       3
       4
       4
       5
       1
       2
       5
       1
       2
       4
       2
       6
       3
       1
       6
       3
       2
       2
       4
       3
       3
       3
       6
       3
       0
       4
       4
       3
       2
       2
       3
       1
       3
       4
       0
       5
       3
       0
       3
       3
       3
       4
       2
       4
       4
       1
       3
       2
       2
       1
       4
       1
       2
       0
       2
       3
       2
       4
       1
       4
       5
       2
       3
       5
       3
       3
       3
       1
       2
       2
       1
       3
       3
       2
       2
       2
       3
       2
       1
       1
       3
       0
       4
       2
       1
       3
       4
       4
       1
       3
       3
       4
       4
       0
       3
       4
       2
       1
       1
       2
       4
       1
       0
       1
       2
       0
       4
       3
       1
       3
       1
       1
       3
       0
       2
       2
       1
       2
       0
       2
       1
       0
       4
       2
       0
       2
       0
       1
       3
       2
       2
       2
       2
       1
       0
       2
       1
       0
       1
       0
       1
       3
       1
       0
       1
       3
       3
       0
       0
       5
       3
       5
       2
       2
       2
       0
       1
       1
       2
       1
       1
       1
       0
       1
       2
       2
       2
       2
       1
       4
       4
       1
       1
       0
       3
       1
       5
       3
       2
       2
       0
       2
       2
       0
       1
       2
       1
       2
       2
       0
       2
       0
       1
       1
       0
       2
       1
       3
       4
       4
       2
       2
       2
       2
       3
       2
       1
       3
       1
       1
       2
       1
       3
       0
       1
       3
       2
       1
       1
       2
       2
       4
       2
       0
       3
       3
       2
       2
       2
       2
       3
       6
       1
       2
       0
       0
       1
       2
       1
       3
       1
       2
       0
       1
       1
       0
       0
       2
       2
       3
       0
       0
       1
       0
       1
       1
       1
       0
       1
       2
       1
       0
       0
       0
       2
       1
       0
       0
       1
       2
       2
       3
       1
       1
       2
       1
       1
       0
       0
       4
       2
       2
       0
       2
       2
       2
       1
       1
       1
       3
       1
       4
       1
       1
       2
       3
       0
       0
       1
       2
       5
       3
       1
       2
       1
       1
       3
       3
       4
       2
       2
       2
       1
       1
       1
       1
       1
       0
       3
       2
       0
       2
       1
       2
       1
       1
       3
       1
       1
       2
       2
       4
       1
       0
       1
       2
       3
       3
       3
       2
       1
       0
       1
       3
       1
       2
       0
       2
       2
       0
       1
       0
       0
       1
       2
       1
       1
       2
       1
       2
       0
       2
       1
       0
       0
       1
       1
       0
       3
       1
       2
       2
       3
       2
       2
       2
       1
       1
       1
       3
       1
       0
       3
       1
       3
       2
       2
       1
       3
       1
       0
       0
       1
       1
       2
       2
       0
       0
       0
       0
       2
       1
       2
       1
       2
       1
       0
       1
       1
       2
       1
       1
       0
       1
       0
       0
       2
       3
       3
       0
       0
       0
       2
       3
       2
       1
       1
       1
       1
       3
       2
       1
       3
       0
       0
       2
       1
       0
       2
       1
       3
       0
       4
       0
       3
       1
       1
       0
       1
       0
       1
       2
       0
       0
       2
       1
       0
       1
       1
       0
       0
       3
       0
       1
       2
       2
       2
       1
       2
       1
       0
       2
       1
       2
       1
       2
       0
       0
       0
       0
       0
       1
       0
       1
       2
       0
       0
       2
       1
       1
       1
       1
       0
       0
       1
       2
       2
       0
       1
       1
       2
       0
       0
       2
       0
       1
       2
       4
       1
       3
       1
       1
       0
       1
       0
       1
       1
       2
       2
       4
       0
       1
       4
       1
       1
       0
       2
       4
       0
       2
       2
       1
       3
       1
       0
       1
       1
       1
       1
       1
       1
       0
       1
       2
       0
       0
       1
       0
       0
       1
       1
       1
       1
       2
       0
       0
       1
       1
       0
       1
       0
       2
       0
       1
       1
       0
       1
       1
       2
       0
       1
       1
       1
       2
       1
       2
       4
       1
       0
       1
       1
       1
       1
       3
       2
       0
       0
       0
       1
       1
       1
       2
       5
       1
       2
       2
       0
       0
       0
       1
       3
       1
       2
       1
       1
       0
       0
       0
       0
       0
       1
       1
       2
       2
       3
       3
       1
       0
       0
       0
       0
       0
       1
       5
       2
       0
       2
       3
       0
       0
       3
       0
       1
       0
       0
       0
       0
       1
       0
       0
       0
       3
       2
       1
       0
       0
       0
       0
       0
       2
       1
       2
       0
       0
       2
       0
       1
       2
       1
       0
       3
       0
       1
       0
       1
       0
       2
       0
       2
       0
       2
       1
       1
       0
       0
       1
       0
       0
       2
       3
       1
       2
       1
       1
       1
       1
       1
       0
       0
       4
       0
       0
       0
       2
       1
       3
       2
       1
       2
       1
       0
       1
       0
       1
       1
       1
       1
       0
       2
       0
       0
       2
       0
       2
       4
       0
       0
       0
       2
       0
       0
       0
       0
       3
       2
       1
       0
       0
       1
       1
       2
       0
       0
       0
       1
       0
       0
       1
       0
       1
       1
       1
       0
       3
       0
       2
       0
       2
       0
       0
       1
       2
       0
       1
       1
       0
       0
       2
       1
       0
       1
       1
       0
       0
       0
       0
       0
       0
       0
       1
       0
       0
       0
       0
       1
       1
       1
       0
       4
       1
       0
       1
       0
       0
       3
       1
       1
       2
       2
       1
       0
       2
       0
       1
       0
       1
       3
       0
       0
       0
       0
       1
       0
       0
       0
       3
       0
       1
       1
       1
       3
       0
       0
       0
       1
       0
       1
       0
       0
       2
       1
       0
       1
       0
       0
       2
       0
       2
       0
       1
       0
       2
       2
       0
       0
       2
       1
       0
       0
       1
       0
       0
       0
       1
       1
       0
       0
       0
       0
       2
       0
       2
       2
       1
       0
       1
       1
       2
       1
       3
       0
       2
       1
       0
       0
       0
       0
       0
       1
       1
       1
       1
       0
       0
       1
       0
       1
       1
       1
       0
       1
       1
       0
       1
       0
       0
       0
       0
       2
       1
       1
       1
       1
       1
       0
       0
       0
       1
       1
       1
       3
       1
       0
       1
       2
       0
       0
       1
       1
       0
       2
       0
       1
       1
       0
       2
       1
       1
       1
       0
       0
       1
       0
       2
       1
       0
       0
       0
       2
       0
       1
       1
       2
       1
       3
       1
       1
       2
       1
       1
       0
       1
       0
       1
       1
       3
       0
       0
       1
       3
       0
       1
       0
       1
       1
       0
       1
       0
       1
       2
       1
       1
       1
       1
       1
       0
       0
       1
       1
       3
       0
       1
       0
       0
       1
       1
       0
       0
       0
       2
       0
       3
       1
       2
       1
       0
       0
       0
       1
       0
       2
       0
       2
       0
       1
       1
       2
       3
       0
       2
       1
       1
       1
       3
       0
       1
       1
       1
       0
       1
       0
       2
       0
       1
       1
       0
       0
       2
       0
       1
       1
       1
       0
       2
       1
       0
       1
       0
       4
       1
       1
       0
       3
       1
       0
       0
       0
       2
       0
       1
       4
       0
       3
       3
       1
       1
       0
       1
       1
       4
       1
       0
       0
       0
       1
       1
       2
       1
       0
       0
       1
       1
       1
       0
       2
       0
       1
       0
       1
       2
       0
       0
       0
       1
       1
       0
       0
       2
       1
       1
       2
       0
       0
       0
       0
       1
       0
       0
       3
       0
       1
       0
       1
       2
       0
       3
       2
       0
       0
       2
       0
       0
       1
       0
       0
       2
       1
       2
       1
       0
       3
       1
       0
       0
       0
       1
       0
       2
       2
       0
       1
       1
       1
       0
       0
       0
       0
       1
       0
       0
       0
       2
       0
       0
       2
       0
       0
       0
       0
       2
       1
       1
       2
       2
       0
       0
       0
       1
       1
       0
       0
       1
       2
       0
       1
       2
       0
       0
       1
       0
       0
       1
       1
       0
       4
       0
       2
       1
       0
       2
       1
       1
       2
       0
       0
       0
       4
       0
       0
       0
       1
       1
       0
       2
       1
       1
       0
       0
       0
       1
       0
       0
       0
       0
       0
       1
       0
       0
       0
       0
       1
       0
       0
       0
       1
       0
       1
       0
       2
       1
       1
       0
       0
       1
       0
       0
       1
       2
       0
       0
       0
       0
       0
       0
       0
       1
       1
       0
       1
       1
       2
       1
       0
       1
       0
       0
       1
       1
       0
       0
       3
       2
       2
       1
       2
       0
       1
       0
       0
       0
       0
       1
       2
       0
       1
       0
       1
       0
       1
       0
       1
       0
       0
       0
       0
       0
       1
       0
       0
       0
       0
       0
       0
       1
       0
       1
       0
       0
       0
       1
       2
       1
       1
       0
       0
       0
       1
       0
       1
       0
       0
       1
       0
       0
       0
       1
       0
       2
       0
       0
       0
       1
       0
       1
       0
       1
       1
       0
       0
       1
       0
       0
       2
       1
       0
       0
       2
       0
       0
       0
       0
       0
       1
       0
       0
       0
       0
       0
       1
       0
       0
       0
       0
       2
       0
       1
       1
       1
       0
       1
       0
       0
       0
       1
       0
       0
       0
       0
       0
       1
       1
       0
       1
       1
       0
       0
       0
       2
       0
       1
       0
       1
       0
       0
       1
       1
       0
       0
       0
       1
       1
       0
       1
       0
       2
       1
       0
       0
       1
       1
       0
       0
       1
       0
       0
       1
       0
       0
       1
       0
       0
       0
       0
       0
       1
       0
       0
       0
       1
       0
       2
       1
       0
       0
       0
       0
       1
       0
       0
       2
       1
       1
       0
       0
       0
       0
       0
       0
       2
       0
       1
       0
       1
       0
       0
       0
       0
       0
       1
       1
       0
       1
       1
       0
       0
       1
       0
       0
       0
       0
       0
       1
       0
       1
       0
       1
       0
       0
       0
       0
       0
       1
       0
       0
       0
       1
       1
       0
       0
       1
       0
       2
       1
       0
       0
       0
       1
       0
       1
       0
       0
       0
       1
       0
       0
       0
       0
       0
       0
       0
       1
       0
       1
       0
       1
       0
       0
       0
       1
       0
       0
       0
       0
       0
       0
       0
       0
       1
       0
       0
       0
       0
       0
       0
       1
       0
       0
       0
       0
       1
       0
       1
       0
       0
       1
       1
       0
       0
       0
       1
       0
       0
       0
       0
       0
       0
       0
       0
       1
       0
       0
       0
       1
       0
       1
       1
       0
       0
       0
       1
       0
       0
       0
       1
       0
       1
       0
       0
       1
       1
       1
       2
       0
       0
       0
       2
       0
       1
       1
       0
       0
       0
       1
       0
       0
       0
       0
       0
       0
       0
       0
       0
       1
       0
       1
       1
       1
       1
       0
       0
       0
       1
       0
       0
       2
       0
       1
       1
       0
       1
       2
       0
       1
       0
       0
       0
       0
       0
       0
       0
       1
       1
       1
       1
       2
       0
       0
       0
       0
       1
       0
       1
       1
       0
       0
       0
       1
       0
       0
       0
       0
       0
       1
       0
       0
       0
       0
       0
       0
       0
       0
       0
       0
       0
       1
       0
       0
       0
       1
       0
       0
       1
       0
       0
       0
       0
       0
       0
       0
       1
       0
       0
       0
       0
       0
       1
       1
       0
       1
       0
       0
       0
       1
       2
       1
       0
       0
       1
       0
       0
       0
       0
       1
       1
       0
       1
       0
       0
       0
       0
       1
       1
       0
       0
       0
       0
       0
       0
       0
       0
       0
       1
       1
       0
       1
       1
       0
       1
       0
       0
       1
       0
       1
       0
       0
       0
       3
       0
       1
       0
       2
       0
       0
       0
       1
       0
       0
       1
       0
       0
       1
       0
       0
       1
       1
       0
       0
       0
       1
       0
       0
       1
       0
       1
       0
       0
       0
       1
       0
       0
       1
       0
       0
       0
       0
       0
       0
       0
       0
       0
       0
       0
       0
       0
       2
       0
       0
       0
       0
       0
       1
       0
       0
       0
       0
       1
       0
       0
       1
       0
       0
       1
       0
       1
       0
       0
       0
       1
       0
       0
       0
       0
       0
       0
       0
       0
       0
       0
       0
       0
       0
       1
       0
       0
       0
       0
       0
       0
       0
       0
       0
       0
       0
       0
       0
       0
       1
       1
       0
       0
       0
       0
       0
       1
       0
       0
       0
       0
       0
       0
       0
       0
       0
       0
       0
       0
       0
       0
       0
       0
       0
       2
       0
       2
       0
       0
       0
       1
       0
       0
       0
       0
       0
       1
       0
       0
       1
       0
       1
       0
       1
       0
       0
       1
       0
       0
       0
       1
       1
       0
       0
       0
       0
       0
       0
       1
       0
       1
       0
       0
       0
       0
       1
       0
       1
       0
       0
       0
       0
       0
       0
       0
       0
       0
       0
       0
       0
       0
       1
       0
       0
       0
       1
       0
       0
       0
       0
       0
       0
       1
       0
       0
       0
       0
       0
       0
       0
       1
       0
       0
       0
       0
       0
       0
       0
       0
       0
       0
       0
       0
       1
       1
       0
       0
       0
       1
       0
       0
       0
       0
       0
       0
       0
       0
       1
       0
       1
       0
       0
       0
       0
       0
       1
       0
       0
       1
       1
       0
       0
       1
       0
       0
       0
       0
       1
       0
       0
       0
       0
       0
       0
       0
       0
       0
       0
       0
       0
       0
       0
       0
       0
       0
       0
       1
       0
       0
       0
       0
       2
       0
       0
       0
       0
       0
       0
       0
       0
       1
       0
       1
       0
       0
       0
       0
       0
       0
       0
       0
       0
       0
       1
       0
       0
       0
       0
       0
       0
       0
       0
       0
       1
       0
       0
       2
       0
       1
       0
       0
       0
       0
       0
       0
       0
       0
       0
       0
       0
       0
       0
       0
       0
       0
       0
       0
       0
       1
       0
       0
       0
       0
       0
       0
       0
       0
       1
       0
       0
       0
       0
       1
       0
       0
       1
       1
       0
       0
       0
       0
       0
       0
       0
       0
       0
       0
       1
       0
       0
       0
       0
       0
       1
       0
       0
       1
       0
       0
       0
       0
       0
       0
       1
       0
       0
       0
       0
       0
       0
       0
       0
       0
       0
       1
       0
       0
       0
       0
       0
       0
       0
       0
       1
       0
       0
       0
       1
       0
       2
       0
       1
       0
       0
       0
       0
       0
       0
       0
       0
       0
       0
       0
       0
       0
       0
       0
       0
       0
       1
       1
       0
       0
       0
       0
       0
       0
       0
       0
       1
       0
       1
       0
       0
       0
       0
       0
       0
       0
       1
       0
       0
       0
       0
       0
       2
       0
       0
       0
       0
       0
       0
       2
       0
       0
       0
       0
       1
       0
       0
       0
       1
       0
       0
       0
       0
       1
       0
       0
       0
       1
       1
       0
       0
       0
       0
       0
       0
       1
       1
       1
       0
       0
       0
       0
       0
       0
       0
       0
       0
       0
       0
       1
       0
       0
       0
       0
       0
       0
       0
       2
       0
       0
       0
       0
       0
       0
       0
       0
       0
       0
       0
       0
       0
       1
       0
       1
       0
       0
       0
       0
       0
       0
       0
       0
       1
       1
       0
       0
       0
       0
       0
       0
       0
       0
       0
       0
       0
       0
       0
       0
       1
       0
       0
       0
       1
       0
       0
       2
       0
       0
       0
       0
       0
       1
       0
       0
       0
       0
       0
       0
       0
       1
       1
       0
       0
       0
       0
       0
       0
       0
       0
       0
       0
       0
       0
       0
       0
       0
       0
       0
       0
       1
       0
       0
       1
       0
       0
       0
       0
       1
       0
       0
       0
       0
       0
       0
       0
       0
       0
       0
       0
       0
       0
       0
       0
       0
       0
       0
       0
       0
       1
       0
       0
       0
       0
       0
       0
       0
       0
       0
       1
       0
       0
       1
       0
       0
       0
       0
       1
       0
       0
       0
       0
       0
       0
       2
       0
       0
       0
       0
       0
       0
       0
       0
       0
       0
       0
       0
       0
       0
       1
       0
       1
       0
       0
       0
       0
       0
       0
       0
       0
       0
       0
       0
       0
       0
       0
       0
       0
       0
       0
       0
       0
       1
       0
       1
       0
       0
       0
       0
       0
       0
       0
       0
       0
       0
       0
       0
       0
       0
       0
       0
       0
       0
       0
       0
       1
       0
       1
       0
       1
       0
       1
       0
       0
       0
       1
       0
       0
       1
       0
       0
       0
       0
       0
       0
       0
       0
       0
       1
       2
       0
       1
       2
       0
       0
       0
       0
       0
       0
       0
       0
       0
       1
       0
       0
       0
       1
       0
       0
       0
       0
       0
       0
       0
       0
       0
       0
       1
       0
       0
       0
       0
       1
       0
       0
       0
       0
       0
       1
       1
       1
       1
       0
       0
       0
       1
       0
       0
       0
       0
       0
       0
       0
       0
       1
       0
       0
       0
       0
       0
       0
       0
       0
       1
       0
       0
       0
       0
       0
       0
       0
       0
       1
       0
       0
       0
       0
       0
       0
       0
       0
       0
       0
       1
       0
       0
       0
       0
       0
       0
       0
       1
       0
       0
       1
       0
       0
       1
       0
       0
       0
       0
       0
       0
       0
       0
       0
       0
       1
       0
       0
       0
       0
       0
       0
       0
       0
       0
       0
       0
       0
       0
       0
       0
       0
       0
       0
       0
       0
       0
       0
       0
       0
       0
       0
       1
       0
       0
       0
       0
       0
       0
       0
       0
       0
       0
       0
       0
       1
       0
       0
       1
       0
       0
       0
       0
       0
       0
       0
       0
       0
       0
       0
       0
       0
       0
       0
       0
       0
       0
       1
       0
       0
       0
       0
       0
       0
       0
       0
       0
       0
       0
       0
       0
       0
       0
       0
       0
       0
       0
       0
       0
       0
       0
       0
       0
       1
       0
       0
       0
       0
       0
       0
       0
       0
       0
       0
       0
       0
       0
       0
       0
       0
       0
       0
       0
       0
       0
       0
       0
       0
       0
       0
       0
       0
       0
       0
       0
       0
       1
       1
       0
       0
       0
       1
       0
       0
       0
       0
       0
       0
       0
       0
       0
       0
       0
       0
       0
       0
       0
       1
       0
       0
       0
       0
       0
       0
       0
       0
       0
       1
       0
       1
       0
       0
       0
       0
       0
       0
       0
       0
       0
       0
       0
       1
       0
       0
       0
       1
       0
       0
       0
       1
       1
       0
       0
       0
       0
       0
       0
       0
       0
       1
       0
       0
       0
       0
       0
       0
       1
       0
       0
       0
       0
       0
       0
       0
       0
       0
       0
       0
       0
       2
       0
       0
       0
       0
       0
       0
       0
       0
       0
       0
       1
       0
       0
       0
       0
       0
       0
       0
       0
       0
       0
       0
       0
       0
       0
       0
       0
       0
       0
       0
       0
       1
       0
       0
       0
       0
       0
       0
       0
       0
       1
       0
       0
       0
       0
       0
       0
       0
       0
       0
       1
       0
       0
       0
       0
       0
       0
       0
       0
       1
       0
       0
       0
       0
       0
       1
       0
       0
       0
       0
       0
       0
       0
       0
       0
       0
       0
       1
       0
       0
       0
       1
       0
       0
       0
       0
       0
       0
       0
       0
       0
       1
       0
       1
       0
       1
       0
       0
       0
       0
       1
       0
       0
       0
       0
       1
       0
       0
       0
       0
       0
       0
       0
       0
       0
       0
       0
       0
       0
       0
       0
       0
       0
       0
       0
       0
       0
       0
       0
       0
       0
       0
       0
       0
       0
       0
       0
       0
       0
       0
       0
       0
       0
       0
       0
       1
       1
       0
       0
       0
       0
       0
       0
       0
       0
       1
       0
       0
       0
       0
       0
       0
       0
       0
       0
       0
       0
       0
       0
       0
       0
       1
       0
       0
       0
       0
       0
       0
       1
       0
       0
       1
       0
       0
       0
       1
       0
       0
       0
       1
       0
       0
       0
       0
       0
       0
       0
       0
       1
       0
       1
       0
       0
       0
       1
       0
       0
       0
       0
       0
       0
       0
       1
       0
       0
       0
       0
       1
       0
       0
       0
       0
       0
       0
       0
       0
       0
       0
       0
       0
       0
       0
       0
       0
       0
       0
       0
       0
       0
       0
       0
       0
       0
       0
       0
       0
       0
       0
       0
       0
       0
       0
       0
       0
       0
       1
       0
       0
       0
       0
       0
       0
       0
       0
       0
       1
       1
       0
       0
       0
       0
       0
       0
       0
       0
       0
       0
       0
       0
       0
       2
       0
       1
       0
       1
       0
       0
       0
       0
       0
       0
       0
       1
       0
       0
       0
       0
       0
       0
       0
       0
       0
       0
       0
       0
       0
       1
       0
       0
       0
       0
       0
       0
       0
       0
       1
       0
       0
       0
       0
       0
       1
       0
       0
       0
       1
       0
       1
       0
       0
       0
       0
       0
       0
       0
       0
       0
       0
       0
       0
       0
       0
       0
       0
       0
       0
       0
       0
       0
       0
       0
       0
       0
       0
       0
       0
       0
       1
       0
       0
       0
       0
       1
       0
       0
       0
       1
       1
       0
       0
       0
       0
       0
       0
       1
       1
       0
       1
       0
       0
       0
       0
       0
       0
       0
       0
       0
       0
       0
       0
       0
       0
       0
       0
       0
       0
       0
       0
       0
       0
       0
       0
       1
       0
       0
       0
       0
       0
       0
       0
       0
       0
       1
       0
       0
       0
       0
       0
       0
       0
       0
       0
       0
       0
       0
       0
       0
       1
       0
       0
       0
       0
       0
       0
       0
       0
       0
       0
       0
       0
       0
       0
       0
       0
       0
       0
       1
       0
       0
       0
       0
       0
       0
       0
       0
       0
       0
       0
       0
       0
       0
       0
       0
       0
       0
       0
       0
       0
       0
       0
       0
       0
       0
       0
       0
       0
       0
       0
       0
       1
       0
       0
       0
       0
       0
       0
       0
       0
       0
       0
       1
       0
       0
       0
       0
       0
       0
       0
       0
       0
       0
       0
       0
       0
       0
       0
       0
       0
       0
       0
       0
       0
       0
       0
       0
       0
       0
       0
       0
       0
       0
       0
       0
       0
       0
       0
       0
       0
       0
       0
       0
       0
       0
       0
       0
       0
       0
       0
       0
       0
       0
       0
       0
       1
       1
       0
       0
       0
       0
       0
       0
       0
       0
       1
       0
       0
       0
       0
       1
       1
       0
       0
       1
       0
       0
       0
       0
       0
       0
       1
       0
       0
       0
       0
       0
       0
       0
       0
       1
       0
       0
       0
       1
       0
       0
       0
       0
       0
       0
       1
       1
       0
       0
       0
       0
       0
       0
       0
       0
       0
       0
       0
       0
       0
       0
       0
       0
       0
       0
       0
       0
       1
       0
       0
       0
       0
       0
       0
       0
       0
       0
       1
       0
       0
       0
       0
       0
       0
       0
       0
       0
       0
       0
       0
       0
       0
       0
       0
       0
       0
       0
       1
       0
       0
       0
       0
       0
       0
       0
       0
       0
       0
       0
       0
       0
       0
       0
       0
       0
       0
       0
       0
       0
       2
       0
       1
       1
       0
       0
       0
       0
       0
       0
       0
       0
       0
       2
       0
       0
       0
       0
       0
       0
       0
       1
       0
       0
       0
       0
       0
       0
       0
       0
       0
       0
       0
       0
       0
       0
       0
       1
       1
       0
       0
       0
       0
       0
       0
       0
       0
       0
       0
       0
       0
       0
       0
       1
       0
       0
       0
       0
       0
       0
       0
       0
       0
       0
       0
       0
       0
       0
       0
       0
       0
       1
       0
       0
       0
       0
       0
       0
       0
       0
       0
       0
       0
       0
       0
       1
       0
       0
       0
       1
       0
       0
       1
       0
       0
       0
       0
       1
       1
       0
       0
       0
       0
       0
       0
       0
       0
       0
       0
       0
       1
       0
       0
       0
       0
       1
       1
       0
       0
       0
       0
       1
       0
       0
       0
       0
       1
       0
       0
       0
       0
       0
       0
       0
       1
       1
       0
       0
       0
       0
       0
       0
       2
       0
       0
       0
       0
       0
       0
       0
       0
       0
       0
       1
       0
       0
       0
       0
       0
       0
       0
       0
       0
       0
       0
       1
       0
       0
       0
       0
       0
       0
       0
       0
       0
       0
       0
       0
       0
       0
       1
       0
       0
       0
       1
       0
       0
       0
       0
       1
       0
       0
       0
       1
       0
       0
       0
       1
       0
       0
       0
       0
       0
       0
       0
       0
       0
       0
       0
       0
       0
       1
       0
       1
       0
       0
       0
       0
       0
       0
       0
       0
       0
       0
       0
       0
       0
       0
       0
       1
       0
       0
       0
       0
       0
       0
       0
       0
       0
       0
       1
       0
       0
       0
       0
       0
       0
       0
       0
       0
       1
       0
       0
       0
       2
       0
       0
       0
       0
       0
       0
       0
       0
       0
       1
       0
       0
       1
       0
       0
       0
       0
       0
       0
       0
       0
       0
       0
       0
       0
       0
       0
       0
       0
       1
       0
       0
       0
       0
       0
       0
       0
       0
       0
       0
       0
       0
       0
       0
       0
       0
       0
       0
       1
       0
       0
       0
       0
       0
       1
       0
       0
       0
       0
       0
       0
       0
       0
       1
       0
       0
       0
       0
       0
       0
       0
       0
       0
       0
       0
       0
       0
       0
       0
       0
       0
       0
       0
       0
       0
       1
       0
       0
       0
       0
       0
       0
       0
       0
       0
       0
       0
       1
       0
       0
       0
       0
       0
       0
       0
       0
       0
       0
       0
       0
       0
       0
       0
       0
       0
       0
       0
       0
       0
       0
       0
       0
       0
       0
       0
       0
       0
       0
       0
       0
       0
       0
       0
       0
       0
       0
       0
       0
       0
       1
       0
       0
       0
       0
       0
       1
       1
       0
       0
       1
       0
       0
       0
       0
       0
       0
       0
       0
       0
       0
       0
       0
       0
       1
       0
       0
       0
       0
       0
       0
       0
       0
       0
       0
       0
       0
       0
       0
       0
       1
       0
       0
       0
       0
       0
       0
       0
       0
       0
       0
       0
       0
       0
       0
       0
       0
       0
       0
       0
       0
       0
       0
       0
       0
       0
       0
       0
       0
       0
       0
       0
       0
       0
       0
       0
       0
       0
       0
       0
       0
       0
       0
       0
       0
       0
       0
       0
       0
       0
       0
       0
       0
       0
       0
       0
       0
       0
       0
       0
       0
       0
       0
       0
       0
       0
       0
       0
       0
       0
       0
       0
       0
       0
       0
       0
       0
       0
       0
       0
       0
       0
       0
       0
       0
       0
       0
       0
       0
       0
       0
       0
       0
       0
       0
       0
       0
       0
       0
       0
       0
       0
       0
       0
       0
       0
       0
       0
       0
       0
       0
       0
       0
       0
       0
       0
       0
       0
       0
       0
       0
       0
       0
       0
       0
       0
       0
       0
       0
       0
       0
       0
       0
       0
       0
       0
       0
       0
       0
       0
       0
       0
       0
       0
       0
       0
       0
       0
       0
       0
       0
       0
       0
       0
       0
       0
       0
       0
       0
       0
       0
       0
       0
       0
       0
       0
       0
       0
       0
       0
       0
       0
       0
       0
       0
       0
       0
       0
       0
       0
       0
       1
       0
       0
       0
       0
       0
       0
       0
       0
       0
       0
       0
       0
       0
       0
       0
       0
       0
       0
       0
       0
       0
       0
       0
       0
       0
       0
       0
       0
       0
       0
       0
       0
       0
       0
       0
       0
       0
       0
       0
       0
       0
       0
       0
       0
       1
       0
       0
       0
       0
       0
       0
       0
       0
       0
       0
       0
       0
       0
       0
       0
       0
       0
       0
       0
       0
       0
       0
       0
       0
       0
       0
       0
       0
       0
       0
       0
       0
       0
       0
       0
       0
       0
       0
       0
       0
       0
       0
       0
       0
       0
       0
       0
       0
       0
       0
       0
       0
       0
       0
       0
       0
       0
       0
       0
       0
       0
       0
       0
       0
       0
       0
       0
       0
       0
       0
       0
       0
       0
       0
       0
       0
       0
       0
       0
       0
       0
       0
       0
       0
       0
       0
       0
       0
       0
       0
       0
       0
       0
       0
       0
       0
       0
       0
       0
       0
       0
       0
       0
       0
       0
       0
       0
       0
       0
       0
       0
       0
       0
       0
       0
       0
       0
       0
       0
       0
       0
       0
       0
       0
       0
       0
       0
       0
       0
       1
       0
       0
       0
       0
       0
       0
       0
       0
       0
       0
       0
       0
       0
       0
       0
       0
       0
       0
       0
       0
       0
       0
       0
       0
       0
       0
       0
       0
       1
       0
       0
       0
       0
       0
       1
       0
       0
       0
       0
       0
       0
       0
       0
       0
       0
       0
       0
       0
       0
       0
       0
       0
       0
       0
       0
       0
       0
       0
       0
       0
       0
       0
       0
       0
       0
       0
       0
       0
       0
       0
       0
       0
       0
       0
       0
       0
       0
       0
       0
       0
       0
       0
       0
       0
       0
       0
       0
       0
       0
       0
       0
       0
       0
       0
       0
       0
       0
       0
       0
       0
       0
       0
       0
       0
       0
       0
       0
       0
       0
       0
       0
       0
       0
       0
       0
       0
       0
       0
       0
       0
       0
       0
       0
       0
       0
       0
       0
       0
       0
       0
       0
       0
       0
       0
       0
       0
       0
       0
       0
       0
       0
       0
       0
       0
       0
       1
       0
       0
       0
       0
       0
       0
       0
       0
       0
       0
       0
       0
       0
       0
       0
       0
       0
       0
       0
       0
       0
       0
       0
       0
       0
       0
       0
       0
       0
       0
       0
       0
       0
       0
       0
       0
       0
       0
       0
       0
       0
       0
       0
       0
       0
       0
       0
       0
       0
       0
       0
       0
       0
       0
       0
       0
       0
       0
       0
       0
       0
       0
       0
       0
       0
       0
       0
       0
       0
       0
       0
       0
       0
       0
       0
       0
       0
       0
       0
       0
       0
       0
       0
       0
       0
       0
       0
       0
       0
       0
       0
       0
       0
       0
       0
       0
       0
       0
       0
       0
       0
       0
       0
       0
       0
       0
       0
       0
       0
       0
       0
       0
       0
       0
       0
       0
       0
       0
       0
       0
       0
       0
       0
       0
       0
       0
       0
       0
       0
       0
       0
       0
       0
       0
       0
       0
       0
       0
       0
       0
       0
       0
       0
       0
       0
       0
       0
       0
       0
       0
       0
       0
       0
       0
       0
       0
       0
       0
       0
       0
       0
       0
       0
       0
       0
       0
       0
       0
       0
       0
       0
       0
       0
       0
       0
       0
       0
       0
       0
       0
       0
       0
       0
       0
       0
       0
       0
       0
       0
       0
       0
       0
       0
       0
       0
       0
       0
       0
       0
       0
       0
       0
       0
       0
       0
       0
       0
       0
       0
       0
       0
       0
       0
       0
       0
       0
       0
       0
       0
       0
       0
       0
       0
       0
       0
       0
       0
       0
       0
       0
       0
       0
       0
       0
       0
       0
       0
       0
       0
       0
       0
       0
       0
       0
       0
       0
       0
       0
       0
       0
       0
       0
       0
       0
       0
       0
       0
       0
       0
       0
       0
       0
       0
       0
       0
       0
       0
       0
       0
       0
       0
       0
       0
       0
       0
       0
       0
       0
       0
       0
       0
       0
       0
       0
       0
       0
       0
       0
       0
       0
       0
       0
       0
       0
       0
       0
       0
       0
       0
       0
       0
       0
       0
       0
       0
       0
       0
       0
       0
       0
       0
       0
       0
       0
       0
       0
       0
       0
       0
       0
       0
       0
       0
       0
       0
       0
       0
       0
       0
       0
       0
       0
       0
       0
       0
       0
       0
       0
       0
       0
       0
       0
       0
       0
       0
       0
       0
       0
       0
       0
       0
       0
       0
       0
       0
       0
       0
       0
       0
       0
       0
       0
       0
       0
       0
       0
       0
       0
       0
       0
       0
       0
       0
       0
       0
       0
       0
       0
       0
       0
       0
       1
       0
       0
       0
       0
       0
       0
       0
       0
       0
       0
       0
       0
       0
       0
       0
       0
       0
       0
       0
       0
       0
       0
       0
       0
       0
       0
       0
       0
       0
       0
       0
       0
       0
       0
       0
       0
       0
       0
       0
       0
       0
       0
       0
       0
       0
       0
       0
       0
       0
       0
       0
       0
       0
       0
       0
       0
       0
       0
       0
       0
       0
       0
       0
       0
       0
       0
       0
       0
       1
       0
       0
       0
       0
       0
       0
       0
       0
       0
       0
       0
       0
       0
       0
       0
       0
       0
       0
       0
       0
       0
       0
       0
       0
       0
       0
       0
       0
       0
       0
       0
       0
       0
       0
       0
       0
       0
       0
       0
       0
       0
       0
       0
       0
       0
       0
       0
       0
       0
       0
       0
       0
       0
       1
       0
       0
       0
       0
       0
       0
       0
       0
       0
       0
       0
       0
       0
       0
       0
       0
       0
       0
       0
       0
       0
       0
       0
       0
       0
       0
       0
       0
       0
       0
       0
       0
       0
       0
       0
       0
       0
       0
       0
       0
       0
       0
       0
       0
       0
       0
       0
       0
       0
       0
       0
       0
       0
       0
       0
       0
       0
       0
       0
       0
       0
       0
       0
       0
       0
       0
       0
       0
       0
       0
       0
       0
       0
       0
       0
       0
       0
       0
       0
       0
       0
       0
       0
       0
       0
       0
       0
       0
       0
       0
       0
       0
       0
       0
       0
       0
       0
       0
       0
       0
       0
       0
       0
       0
       0
       0
       0
       0
       0
       0
       0
       0
       0
       0
       0
       0
       0
       0
       0
       0
       0
       0
       0
       0
       0
       0
       1
       0
       0
       0
       0
       0
       0
       0
       0
       0
       0
       0
       0
       0
       0
       0
       0
       0
       0
       0
       0
       0
       0
       0
       0
       0
       0
       0
       0
       0
       0
       0
       0
       0
       0
       0
       0
       0
       0
       0
       0
       0
       0
       0
       0
       0
       0
       0
       0
       0
       0
       0
       0
       0
       0
       0
       0
       0
       0
       0
       0
       0
       0
       0
       0
       0
       0
       0
       0
       0
       0
       0
       0
       0
       0
       0
       0
       0
       0
       0
       0
       0
       0
       0
       0
       0
       0
       0
       0
       0
       0
       0
       0
       0
       0
       0
       0
       0
       0
       0
       0
       0
       0
       0
       0
       0
       0
       0
       0
       0
       0
       0
       0
       0
       0
       0
       0
       0
       0
       0
       0
       0
       0
       0
       0
       0
       0
       0
       0
       0
       0
       0
       0
       0
       0
       0
       0
       0
       0
       0
       0
       0
       0
       0
       0
       0
       0
       0
       0
       0
       0
       0
       0
       0
       0
       0
       0
       0
       0
       0
       0
       0
       0
       0
       0
       0
       0
       0
       0
       0
       0
       0
       0
       0
       0
       0
       0
       0
       0
       0
       0
       0
       0
       0
       0
       0
       0
       0
       0
       0
       0
       0
       0
       0
       0
       0
       1
       0
       0
       0
       0
       0
       0
       0
       0
       1
       0
       0
       0
       0
       0
       0
       0
       0
       0
       0
       0
       0
       0
       0
       0
       0
       0
       0
       0
       0
       0
       1
       0
       0
       0
       0
       0
       0
       0
       0
       1
       0
       0
       0
       0
       0
       0
       0
       0
       0
       0
       0
       0
       0
       0
       0
       0
       0
       0
       0
       0
       0
       0
       0
       0
       0
       0
       0
       0
       0
       0
       0
       0
       0
       0
       0
       0
       0
       0
       0
       0
       0
       0
       0
       0
       0
       0
       0
       0
       0
       0
       0
       0
       0
       0
       0
       0
       0
       0
       0
       0
       0
       0
       0
       0
       0
       0
       0
       0
       0
       0
       0
       0
       0
       0
       0
       0
       0
       0
       0
       0
       0
       0
       0
       0
       0
       0
       0
       0
       0
       0
       0
       0
       0
       0
       0
       0
       0
       0
       0
       0
       0
       0
       0
       0
       0
       0
       0
       0
       0
       0
       0
       0
       0
       0
       0
       0
       0
       0
       0
       0
       0
       0
       0
       0
       0
       0
       0
       0
       0
       0
       0
       0
       0
       0
       0
       0
       0
       0
       0
       0
       0
       0
       1
       0
       0
       0
       0
       0
       0
       0
       0
       0
       0
       0
       0
       0
       0
       0
       0
       0
       0
       0
       0
       0
       0
       0
       0
       0
       0
       0
       0
       0
       0
       0
       0
       0
       0
       0
       0
       0
       0
       0
       1
       0
       0
       0
       0
       0
       0
       0
       0
       0
       0
       0
       0
       0
       0
       0
       0
       0
       0
       0
       0
       0
       0
       0
       0
       0
       0
       0
       0
       0
       0
       0
       0
       0
       0
       0
       0
       0
       0
       0
       0
       0
       0
       0
       0
       0
       0
       0
       0
       0
       0
       0
       0
       0
       0
       0
       0
       0
       0
       0
       0
       0
       0
       0
       0
       0
       0
       0
       0
       0
       0
       0
       0
       0
       0
       0
       0
       0
       0
       0
       0
       0
       0
       0
       0
       0
       0
       0
       0
       0
       0
       0
       0
       0
       0
       0
       0
       0
       0
       0
       0
       0
       0
       0
       0
       0
       0
       0
       0
       0
       0
       0
       0
       0
       0
       0
       0
       0
       0
       0
       0
       0
       0
       0
       0
       0
       0
       0
       0
       0
       0
       0
       0
       0
       0
       0
       0
       0
       0
       0
       0
       0
       0
       0
       0
       0
       0
       0
       0
       0
       0
       0
       0
       0
       0
       0
       0
       0
       0
       0
       0
       0
       0
       0
       0
       0
       0
       0
       0
       0
       0
       0
       0
       0
       0
       0
       0
       0
       0
       0
       0
       0
       0
       0
       0
       0
       0
       0
       0
       0
       0
       0
       0
       0
       0
       0
       0
       0
       0
       0
       0
       0
       0
       0
       0
       0
       0
       0
       0
       0
       0
       0
       0
       0
       0
       0
       0
       0
       0
       0
       0
       0
       0
       0
       0
       0
       0
       0
       0
       0
       0
       0
       0
       0
       0
       0
       0
       0
       0
       0
       0
       0
       0
       0
       0
       0
       0
       0
       0
       0
       0
       0
       0
       0
       0
       0
       0
       0
       0
       0
       0
       0
       0
       0
       0
       0
       0
       0
       0
       0
       0
       0
       0
       0
       0
       0
       0
       0
       0
       0
       0
       0
       0
       0
       0
       0
       0
       0
       0
       0
       0
       0
       0
       0
       0
       0
       0
       0
       0
       0
       0
       0
       0
       0
       0
       0
       0
       0
       0
       0
       0
       0
       0
       0
       0
       0
       0
       0
       0
       0
       0
       0
       0
       0
       0
       0
       0
       0
       0
       0
       0
       0
       0
       0
       0
       0
       0
       0
       0
       0
       0
       0
       0
       0
       0
       0
       0
       0
       0
       0
       0
       0
       0
       0
       0
       0
       0
       0
       0
       0
       0
       0
       0
       0
       0
       0
       0
       0
       0
       0
       0
       0
       0
       0
       0
       0
       0
       0
       0
       0
       0
       0
       0
       0
       0
       0
       0
       0
       0
       0
       0
       0
       0
       0
       0
       0
       0
       0
       0
       0
       0
       0
       0
       0
       0
       0
       0
       0
       0
       0
       0
       0
       0
       0
       0
       0
       0
       0
       0
       0
       0
       0
       0
       0
       0
       0
       0
       0
       0
       0
       0
       0
       0
       0
       0
       0
       0
       0
       0
       0
       0
       0
       0
       0
       0
       0
       0
       0
       0
       0
       0
       0
       0
       0
       0
       0
       0
       0
       0
       0
       0
       0
       0
       0
       0
       0
       0
       0
       0
       0
       0
       0
       0
       0
       0
       0
       0
       0
       0
       0
       0
       0
       0
       0
       0
       0
       0
       0
       0
       0
       0
       0
       0
       0
       0
       0
       0
       0
       0
       0
       0
       0
       0
       0
       0
       0
       0
       0
       0
       0
       0
       0
       0
       0
       0
       0
       0
       0
       0
       0
       0
       0
       0
       0
       0
       0
       0
       0
       0
       0
       0
       0
       0
       0
       0
       0
       0
       0
       0
       0
       0
       0
       0
       0
       0
       0
       0
       0
       0
       0
       0
       0
       0
       0
       0
       0
       0
       0
       0
       0
       0
       0
       0
       0
       0
       0
       0
       0
       0
       0
       0
       0
       0
       0
       0
       0
       0
       0
       0
       0
       0
       0
       0
       0
       0
       0
       0
       0
       0
       0
       0
       0
       0
       0
       0
       0
       0
       0
       0
       0
       0
       0
       0
       0
       0
       0
       0
       0
       0
       0
       0
       0
       0
       0
       0
       0
       0
       0
       0
       0
       0
       0
       0
       0
       0
       0
       0
       0
       0
       0
       0
       0
       0
       0
       0
       0
       0
       0
       0
       0
       0
       0
       0
       0
$ROI:
0
$PRESETS:
None
0
0
$ENER_FIT:
0.000000 0.000000
$MCA_CAL:
3
0.000000E+000 0.000000E+000 0.000000E+000 
$SHAPE_CAL:
3
0.000000E+000 0.000000E+000 0.000000E+000
